"","V1","V2","V3","V4","V5"
"1",0.194610052395612,0.376295780278277,0.31093082766328,0.762082914151717,0.501247732718475
"2",0.705061741296668,0.580901134434156,0.685077313122805,0.280658766612643,0.349235693883616
"3",0.231885618991219,0.836978894989472,0.446528484699084,0.692934605834074,0.706824289037613
"4",0.213739067605231,0.214533627531724,0.519793056773022,0.625255540152546,0.185464858341496
"5",0.653073716646526,0.683022542083869,0.766118739953265,0.643603717886144,0.344112980920356
"6",0.877818572235294,0.738620806053048,0.712660271419212,0.340995378924068,0.153189188296441
"7",0.537299312548246,0.458263388741994,0.696698581938399,0.655924942974467,0.215172645436833
"8",0.227625619258732,0.367963674316881,0.710173291387502,0.642582750682021,0.503219513427466
"9",0.707390552256955,0.289804595186375,0.731093082519248,0.508854154772824,0.200621044224128
"10",0.536404985807603,0.479181521186139,0.67059816431161,0.75182687904872,0.593158454471035
"11",0.566021830999991,0.143923036624212,0.336257222712971,0.150739407503279,0.854137063932838
"12",0.287349382836372,0.89358641975862,0.581396156353876,0.409764234529808,0.378446743012406
"13",0.386434393407777,0.801694719035411,0.846673376765102,0.317530078979675,0.121549202015856
"14",0.773540227674181,0.789019275820348,0.632783686157549,0.790485985508421,0.446875926479232
"15",0.265783225884428,0.679553145619808,0.480558734876104,0.202086636116728,0.548989060450578
"16",0.307718822952826,0.156986749208998,0.410807815910317,0.21374062025384,0.606153015142772
"17",0.586652453849791,0.697350220850203,0.511180041986052,0.343722925125621,0.783930295795668
"18",0.75833933398081,0.706383564076154,0.601941003624816,0.33732554059336,0.693666298195487
"19",0.62630832652864,0.525550018715207,0.869049115093658,0.671001925895223,0.38283399897255
"20",0.462363188780844,0.46543230636348,0.64421867435961,0.657486971323378,0.41274239257304
"21",0.78428666134947,0.670719100700458,0.356749103456503,0.248788347040303,0.537223493357655
"22",0.535142610427225,0.254945188435726,0.713785263954895,0.561200293297879,0.475762534156209
"23",0.816061191620305,0.678579816652229,0.758232862743083,0.181752218127018,0.902306591738714
"24",0.203949090467766,0.662477811097633,0.161149120616261,0.816558302087244,0.53203841860313
"25",0.464519929650472,0.361231125049526,0.82857660305826,0.440039836769458,0.521496809425997
"26",0.433757325295825,0.345824739520438,0.834352239702595,0.830141075177118,0.388710355274612
"27",0.803858427168569,0.230044469687622,0.754123186578043,0.199830196100054,0.819515228028176
"28",0.250263706439408,0.806597777596442,0.14726386251254,0.541553362162318,0.300994044237072
"29",0.261338558987249,0.540778257214697,0.650328433654038,0.489312129384372,0.612307176340837
"30",0.161624644178431,0.890491612674668,0.572084215949057,0.8071691592352,0.471611130235018
"31",0.902527722058818,0.406809160882607,0.229030666154576,0.621632090701489,0.171413944848347
"32",0.413843357204227,0.405502277786378,0.414090740568237,0.336394038887462,0.786376957329456
"33",0.710041704903124,0.873266620999668,0.43324098205287,0.243100106258644,0.563234047968406
"34",0.630976129300892,0.186215305727441,0.820551597655984,0.679433179883752,0.582555043860571
"35",0.171933017686475,0.776454436042113,0.178434315838153,0.28969965908234,0.182625350971473
"36",0.563471313331975,0.71828252282925,0.843222723707324,0.617465186836896,0.137725087136729
"37",0.354834411204094,0.271619575136108,0.191030351115158,0.697179946643999,0.385588855984388
"38",0.094634866327513,0.684596973269712,0.728619035648648,0.801968183096498,0.590940967305098
"39",0.228851959835738,0.707005294885486,0.795477488003904,0.599023155322531,0.226625038962346
"40",0.209994726315141,0.332327311617555,0.52144830424129,0.708049309403636,0.292424647286069
"41",0.574998648636509,0.871558330795728,0.354321089009056,0.305775035901228,0.877838000934338
"42",0.571998467386467,0.81623039882211,0.25083320604614,0.31286697048042,0.417614063052461
"43",0.718662063426804,0.408626012674533,0.129896124234656,0.481028623248916,0.689046592093538
"44",0.395227257129038,0.81153880035202,0.0898356366713997,0.630874101096997,0.832608499255497
"45",0.781466459057992,0.624785173597513,0.652859555226751,0.670544380849227,0.598601970901014
"46",0.507242265459849,0.184835989015875,0.57137069778447,0.556647757155122,0.32837312121666
"47",0.252669808924897,0.45611456239433,0.232699984356994,0.529483811663231,0.813651590082096
"48",0.777448153049219,0.630718712212052,0.400947978103766,0.102490211567143,0.371417634786805
"49",0.497366768874926,0.782482771397103,0.818941482488066,0.805705912814476,0.714456922125071
"50",0.303106730120257,0.155406413147924,0.312770683680195,0.771587861260632,0.815245794448303
"51",0.326846500928048,0.273135733119445,0.283798549728934,0.401437665818026,0.616950134523911
"52",0.498380396425026,0.516529499065829,0.833404797738185,0.869858870776137,0.210737592093647
"53",0.813682986592641,0.601524400452385,0.481934360546526,0.783135996152181,0.147799028074834
"54",0.71245261574816,0.19328980162181,0.75940278388001,0.627097210702254,0.75772743681306
"55",0.357483692138223,0.866093281548005,0.265101530073676,0.172309161503566,0.394577405120945
"56",0.219741324640112,0.512848025718005,0.672020960638765,0.584423629152588,0.265573523194063
"57",0.812930657144636,0.141101447992725,0.333506412655348,0.214066021498991,0.634458968664752
"58",0.860929524746956,0.553780809273245,0.137905576763675,0.332130746598821,0.726376094291452
"59",0.121479804949835,0.733136532205856,0.624716907084221,0.218203839454101,0.641000800150447
"60",0.614741361879511,0.2950909224567,0.524149956727866,0.827076999707613,0.202179972596234
"61",0.583752627772978,0.721185507630697,0.342217131736921,0.228333519559121,0.225677307125879
"62",0.481195773914456,0.608421650495613,0.714298919501714,0.26630296565569,0.376773500590119
"63",0.671521456946386,0.36441505747987,0.830671515390975,0.231081116592744,0.299325058377115
"64",0.715644061213825,0.846206385024125,0.692938289944315,0.650475420673611,0.34327856057277
"65",0.832045676235575,0.675045431650244,0.159467053809902,0.104057743139332,0.530690214431146
"66",0.540341158596566,0.279082322059898,0.346093302669004,0.164245499322889,0.190279604516458
"67",0.613146012152778,0.815747459703358,0.637471863792278,0.206522401545895,0.464416517250473
"68",0.874035726131871,0.275855810067151,0.218988256949466,0.458053514542291,0.611301277409773
"69",0.244040117105702,0.54491478682193,0.118181016034447,0.124341411143309,0.498248697646894
"70",0.28807299406454,0.199930283873808,0.840312713710824,0.339893400762929,0.817453451040434
"71",0.688964320130879,0.8779471282952,0.790790592928417,0.863129174805712,0.436368437747471
"72",0.196177629619837,0.137875784803648,0.502357028337196,0.399335891438881,0.752945636764169
"73",0.699603795995703,0.43031947391876,0.629875900215935,0.760295743902214,0.779775398805738
"74",0.821745855777757,0.401421198451892,0.198682182498043,0.858306883459212,0.735589892200893
"75",0.835455731023569,0.828241657847539,0.836083312881179,0.225128077632049,0.463936132202158
"76",0.737140984862112,0.488746200625785,0.53061808085395,0.565364245754667,0.164310395627515
"77",0.19307605876727,0.884697768658632,0.467125814142404,0.133309573222185,0.650935398341855
"78",0.238740908901906,0.875038405287545,0.814633114850381,0.159958112814929,0.875570675156778
"79",0.421188211518107,0.365502215592889,0.358821812355192,0.673987375046126,0.851549734550528
"80",0.372083604442189,0.24501524370932,0.740325468943221,0.360058595052222,0.167244585146196
"81",0.624179549206514,0.65799063489656,0.716023889671778,0.765430430852808,0.562421804864192
"82",0.625875248494092,0.443648561859271,0.215195000175154,0.246311833507381,0.601301981673576
"83",0.771599805060541,0.762924422837561,0.302459377590567,0.503569395821542,0.224324848740129
"84",0.85260551313567,0.388154831450898,0.506211399200838,0.838284770794911,0.141704378355294
"85",0.205392393141286,0.680394688945496,0.815131085399305,0.572682687095134,0.614089531620266
"86",0.402987809806596,0.709126777621685,0.522703477720264,0.897109001174802,0.390125607999973
"87",0.660613525917055,0.522224468994886,0.194726378663909,0.882181320787873,0.170163549924269
"88",0.153044938822975,0.446801802711561,0.431253994319588,0.196340527121676,0.510537814530078
"89",0.531267006648006,0.202467142477399,0.164533907917328,0.182527814862085,0.106835847795941
"90",0.292882551575312,0.135315657030558,0.503355207611574,0.839033192873932,0.556197625281056
"91",0.299245333941421,0.228493266429519,0.425648340933258,0.467117970668711,0.861975147036836
"92",0.919322731864639,0.322956142432988,0.238722282633884,0.11021346818842,0.492366872317158
"93",0.66866424722434,0.307522746396251,0.655151685795514,0.368004494376713,0.734859914146364
"94",0.887310743886279,0.411738047265681,0.559576621959219,0.518306248547509,0.905511018587509
"95",0.822628776612459,0.833794586322038,0.78682862112415,0.471076103660278,0.571247490124777
"96",0.336076644363115,0.773729595079552,0.66907091194042,0.770974829997402,0.541316985607613
"97",0.760089141609846,0.113150927162496,0.779352768299636,0.3355146593994,0.407116279264912
"98",0.593462961223442,0.467492496331455,0.417470940781059,0.694010764627485,0.353278708742233
"99",0.843664080552058,0.222271668401314,0.245037794089178,0.167808356794994,0.117573406074662
"100",0.20104859106848,0.22110692931246,0.812736117394874,0.606841692719143,0.377783546752296
"101",0.78722881333367,0.282728962237015,0.802358902011532,0.151057582675479,0.158801671557827
"102",0.719011071684537,0.542079371665372,0.374613491989207,0.263058947809972,0.199483949653106
"103",0.7746567661562,0.700728015550412,0.146928607431706,0.136104242268717,0.866043464708841
"104",0.605313188621309,0.130331180724315,0.255140072489157,0.433219275196549,0.561817256869981
"105",0.511506531196646,0.515246625514701,0.261999841406941,0.633141612615669,0.534408630353631
"106",0.225104639769532,0.920460944802035,0.443140587056987,0.853420643478865,0.321943686391925
"107",0.248295268153539,0.809747466275701,0.845414182835259,0.596715848649619,0.808116772593698
"108",0.510303142412799,0.713900754279224,0.888202006524196,0.308423332793172,0.79313708787784
"109",0.266777109617367,0.533095969330287,0.371059753452893,0.813020451608347,0.745617813909659
"110",0.391567123465007,0.628620788882952,0.589230374193052,0.833771199579118,0.0914337603941094
"111",0.604852101583732,0.160519015588332,0.927301657186123,0.41418255987973,0.654547293409938
"112",0.542739212512504,0.372252483607503,0.823551417105831,0.644282937287353,0.159399768326432
"113",0.849859896798385,0.472865111587103,0.91850227504666,0.315772783185821,0.433250211114762
"114",0.838143433433259,0.741238301712321,0.852838710252894,0.174005716562504,0.203499677706044
"115",0.118893901585368,0.387157084733248,0.415151773928665,0.354465535972267,0.820402768627042
"116",0.646457506836392,0.219262961477274,0.607931531262584,0.173362695200834,0.836851912859827
"117",0.616268634316279,0.761754675960401,0.568807430901565,0.83591308495705,0.262612163507147
"118",0.892482829436427,0.185908951621503,0.510363849866204,0.724701738798292,0.755074504272547
"119",0.317972879207693,0.360169814368943,0.902137492053444,0.702045159024885,0.0810188111520838
"120",0.69273122384632,0.681997505997075,0.170424034733325,0.597952644156991,0.346032848232193
"121",0.865551959738601,0.167659639519406,0.316727503605653,0.664135755461641,0.223143833066802
"122",0.10492448953609,0.841327372835251,0.517637482347898,0.636608742672019,0.267722533067223
"123",0.283629945791094,0.308333666758612,0.507683026146377,0.130843930003,0.857338613973931
"124",0.3246848116857,0.234625179702882,0.590411655945238,0.137799872864271,0.33176962003787
"125",0.176524689342827,0.402300451243529,0.857516648709541,0.191508741864236,0.79899062242033
"126",0.595038156679599,0.862691251018783,0.747415072110249,0.819966755229048,0.893402921303175
"127",0.384815780142788,0.564800466622459,0.187734761795262,0.800295584332896,0.784016624491662
"128",0.444207628311357,0.576416683662916,0.429049420220312,0.171445059864549,0.348881338417996
"129",0.620034846234368,0.226471348286606,0.16511873163376,0.15862826866447,0.365699412079994
"130",0.922798869929742,0.573406615512213,0.127195196597604,0.220827480123611,0.195105728483759
"131",0.500072994568618,0.876971445628209,0.866493091434008,0.892928621873492,0.467248912304407
"132",0.685968946112785,0.206081668161554,0.434968654708704,0.454081979232607,0.858211959300097
"133",0.114379720892059,0.870887438844191,0.618006871642079,0.436191693271743,0.736306203573244
"134",0.788668263765052,0.672226750445785,0.151913425693754,0.933878146674717,0.776989520777017
"135",0.728922750487458,0.935357847011881,0.16997153810109,0.731879195793299,0.708331157390494
"136",0.796603696057107,0.829613528353861,0.485977245829068,0.716280372288544,0.114413016458973
"137",0.522479654151481,0.125115557980025,0.381935202230234,0.799605751652969,0.573530439983122
"138",0.764155853018863,0.783554104791488,0.402330098624341,0.632975539604435,0.637025511220796
"139",0.622822523251874,0.1385714426341,0.587844635564834,0.242579943838529,0.587680036630016
"140",0.893182990302332,0.734812067045365,0.72170462307916,0.538622798690107,0.410419532672269
"141",0.46171896442771,0.314377963265637,0.208679383128649,0.239454889703309,0.716033711073454
"142",0.112007868101122,0.190559838774614,0.863791554192547,0.818063177804463,0.785440544915153
"143",0.222644169834442,0.518454839070095,0.369926739481743,0.918902554708766,0.512160728050396
"144",0.673439440529561,0.37114450970944,0.108603834348964,0.507055794977816,0.327624709626427
"145",0.242357203763444,0.537296598673798,0.711641763878288,0.347107959012734,0.143689650859218
"146",0.271007723872783,0.848001093108905,0.240550905736629,0.52398498597648,0.57046024019667
"147",0.37751140339952,0.255503292188048,0.520922039097175,0.349552729086019,0.256589316567406
"148",0.454990790293552,0.183718781077303,0.576175835952163,0.902864158853423,0.835454657353926
"149",0.81891162596317,0.227551447923528,0.226822705509374,0.452736246445915,0.132867225774564
"150",0.828093160800403,0.149126352440799,0.186200003878213,0.887776940966956,0.686386033725226
"151",0.430231815895764,0.711071499541402,0.910654184575658,0.345098533529555,0.500534872890683
"152",0.684061262926552,0.128524183412548,0.234799722871045,0.873705636936007,0.889521168941166
"153",0.804662737020059,0.78667062273412,0.183719417006243,0.244421890598489,0.345900233803783
"154",0.156390948680229,0.380109941418283,0.39323957545124,0.587710249366704,0.569917539593996
"155",0.786870443096617,0.352077729310608,0.343809114180505,0.66784683394013,0.946295130971586
"156",0.154989087679191,0.568059169953922,0.501092486496782,0.400176883328706,0.325308628475759
"157",0.907207663383801,0.719350720550632,0.791670611543115,0.415950969092082,0.722705586360302
"158",0.27249876841926,0.413067148441216,0.180974643740337,0.722747335099615,0.609932231859304
"159",0.192949585586088,0.264415440794779,0.832101652051555,0.555135228386847,0.855864716567798
"160",0.74923621147708,0.864747510351473,0.515297585010529,0.125401383645833,0.712624980039895
"161",0.218943089389242,0.690173724470427,0.361286240275251,0.569414232726675,0.865955973602366
"162",0.274652540084906,0.832795899263816,0.787408522710204,0.0665189048461616,0.181658387076342
"163",0.453045006044442,0.393557676355587,0.847724295477616,0.27028449044493,0.211763401159784
"164",0.30915964232455,0.239227145791752,0.658571023437893,0.730056645800825,0.826879436722957
"165",0.295678737109294,0.867411875642836,0.680310283782426,0.681478841881966,0.241969416183652
"166",0.767000754758716,0.284528883335879,0.684634801842505,0.734386571795447,0.276641496662283
"167",0.658895892210305,0.363419823536882,0.898639870013343,0.803366681120824,0.879522379187867
"168",0.596384221076733,0.887663638985949,0.913899074079469,0.366199904110516,0.513089572293451
"169",0.48812660684716,0.30590889210999,0.121318365899147,0.8886260954428,0.596274557156954
"170",0.277254803194664,0.668801975118462,0.844037035856862,0.811034392042318,0.366038028652547
"171",0.60273162716697,0.567051120683551,0.300823179624975,0.447451572586549,0.243068214732921
"172",0.807026953419438,0.740528061385965,0.797271359241335,0.843500583568821,0.306967834406998
"173",0.257271012908081,0.235388595056487,0.366443250247743,0.568745421828935,0.125058794612065
"174",0.155701106868684,0.243343619578984,0.0981715601491742,0.293170142546063,0.674389419341693
"175",0.615940344685689,0.492469971532468,0.206903236910235,0.756219905294944,0.884931175798643
"176",0.844379487928934,0.127959618978901,0.780314506683266,0.750324660141254,0.615507339994889
"177",0.315852285862435,0.784575987022137,0.484641740440624,0.145502217362402,0.824983320951229
"178",0.809139654226135,0.676746360885678,0.134431113267085,0.344472417086363,0.547389934664359
"179",0.474096678521251,0.394192517546471,0.627613526924979,0.52469935635291,0.744088092495222
"180",0.207422214436112,0.894163342916872,0.34042457511602,0.303494232299039,0.136572769721504
"181",0.830330241392367,0.897488281930098,0.55193766602315,0.519500657655066,0.395352046557469
"182",0.917810588851804,0.37548247848521,0.225930467721773,0.7580414724804,0.368962222254137
"183",0.489251425113296,0.342769396458752,0.499589525845135,0.47638238487835,0.119071963914437
"184",0.147981642778497,0.154096022019861,0.526597805871861,0.85914476341405,0.333355537236435
"185",0.873050676255953,0.689503475939622,0.345968728235457,0.192830006591044,0.822922261769185
"186",0.322947555318708,0.164475209816825,0.895103312028805,0.25264742443338,0.586442977250787
"187",0.138747467158828,0.530622049345868,0.538904024828924,0.229082453843439,0.134083373355446
"188",0.557466544553638,0.0677914645203855,0.772743677996797,0.532069789700443,0.685307588289492
"189",0.375928730729502,0.613254650031915,0.233108740413794,0.635593242725357,0.246321926506003
"190",0.180309884116752,0.612360321440734,0.464897653632564,0.58637702510017,0.46990538925468
"191",0.247775562242605,0.562514361890964,0.691671075576684,0.624808106056647,0.829109984822106
"192",0.184185867534252,0.818782041272381,0.442233613639837,0.846101349239238,0.781139616017928
"193",0.0969972048869822,0.129021971819224,0.348931341593387,0.309840082337614,0.504708102007396
"194",0.341072606432717,0.269075701418333,0.148203973459313,0.0956902870638296,0.109196748384275
"195",0.18608527143579,0.901168316566618,0.924389330464881,0.405176579915686,0.907120556217385
"196",0.438074359876104,0.671443804872455,0.182819968299707,0.223719554607989,0.438656741374871
"197",0.232495366554009,0.868262416105252,0.561320613190066,0.545190035611624,0.093575081365183
"198",0.342812751941616,0.457955700827297,0.81352132589207,0.763702944066841,0.508442177897552
"199",0.297226497468771,0.844258017718559,0.106767360806698,0.857502477246569,0.543406507294625
"200",0.494485679236706,0.335086345021613,0.172678848393261,0.373686937973835,0.448534452243941
"201",0.0592966208916623,0.737139328382211,0.189754826255841,0.528101532605011,0.602989841531729
"202",0.826093853817554,0.192299058910925,0.120035220777849,0.84502505961596,0.275553143492434
"203",0.698059194927337,0.524306617254857,0.344291727378266,0.862683963604271,0.655748424655758
"204",0.549063754138537,0.79920518867136,0.347525801772717,0.463604008325143,0.320998410250526
"205",0.691301344220294,0.215775779129006,0.117094006376341,0.668761446893215,0.554850225646514
"206",0.899554516651202,0.45118407312315,0.777701400147751,0.480436546210432,0.128717320855241
"207",0.493628753018798,0.66060541682737,0.651030124476412,0.60135368488403,0.307037379163085
"208",0.468347229447449,0.664544921237743,0.736140177522087,0.558338268358959,0.535888479116606
"209",0.263846092959167,0.673268914489774,0.905489350748947,0.238002857559593,0.841857078867732
"210",0.695681072743377,0.11403662334918,0.548761827020207,0.504251403385773,0.330584941173205
"211",0.199692739073187,0.38169676748151,0.0786775465817191,0.25988038162794,0.214628165895119
"212",0.310360244078329,0.102731206307886,0.86797936258791,0.700723217071732,0.550731037890073
"213",0.689658095181687,0.151962197205285,0.886280572480056,0.723755150241079,0.18730872038682
"214",0.682653547971277,0.703535292105051,0.475182406605221,0.772570362821687,0.494650217985502
"215",0.713375854569022,0.798578819558024,0.55039072107384,0.871373456379631,0.801242223494919
"216",0.436952547302004,0.856633996105287,0.409934266994242,0.79298020179919,0.796309897666331
"217",0.732487101889448,0.250201462773606,0.445713860613294,0.282423215433722,0.139346824461594
"218",0.426058661946328,0.918832258418435,0.398301618745318,0.496406404513866,0.472276945369784
"219",0.275147090448998,0.834020352803403,0.908833871164592,0.166810551695991,0.594245898439083
"220",0.152382663606899,0.858770512488671,0.15014262614469,0.301533783076098,0.624243344831513
"221",0.57967301959428,0.769076555199223,0.525885083895177,0.49846821211325,0.50951946832845
"222",0.0980823449757881,0.220630927624181,0.188060403347714,0.806249672485515,0.845590683820192
"223",0.251565550197614,0.168425958785694,0.288736996977357,0.474109940958442,0.461673135489225
"224",0.889179544104962,0.600723135441076,0.469822095539188,0.486733800807735,0.290832458592486
"225",0.90088893538597,0.7577250543267,0.596851295331027,0.759357624607394,0.892610445709201
"226",0.731630782081047,0.605585839601932,0.885485412593698,0.79303993301047,0.165179380807094
"227",0.599514840255724,0.881554762079846,0.666044937908649,0.881539119077381,0.581563230301719
"228",0.57300861311378,0.547980211476097,0.42820630820049,0.169130838745739,0.667588632579427
"229",0.609275747544132,0.276322043578606,0.463598981221672,0.898002947614528,0.406491001478629
"230",0.871618394301739,0.173153656369308,0.284280569535447,0.491434304463444,0.802358172699576
"231",0.22672539320169,0.514063201460987,0.92103902736376,0.509119896537159,0.443311638764571
"232",0.837033874360379,0.498216325141024,0.293448305724422,0.900036037944956,0.207700738540152
"233",0.467567941356916,0.520647732364247,0.592567467506742,0.377219133466948,0.257526185188908
"234",0.115619093888905,0.743823206655216,0.686762141693849,0.674655647957465,0.721516166242538
"235",0.379693400646327,0.781144620861392,0.0844818992295768,0.0867578387982212,0.183597901449073
"236",0.125079777510604,0.188227160219336,0.873696275582071,0.82281366240466,0.296794189075241
"237",0.0674388118640054,0.447001958524575,0.584458213420352,0.678473735297099,0.218164908728329
"238",0.921934987935238,0.261859871118329,0.39113672075537,0.249647434298648,0.318065997260855
"239",0.364211311719846,0.351909161530901,0.75724706066004,0.904879549566889,0.844662894621259
"240",0.131768446892267,0.546726491739741,0.542206737262895,0.330193031961331,0.687237672248855
"241",0.148658971973229,0.0720659546726383,0.598509073728696,0.477347309326055,0.0758484585823026
"242",0.789462280490901,0.838492144503165,0.859003955490422,0.459287780828308,0.101763369006338
"243",0.623769565432565,0.452502720093122,0.877173838861054,0.837410029333318,0.499730095531093
"244",0.412869141722796,0.597546558794566,0.155933499263832,0.0917518867189065,0.805514192711329
"245",0.165375254554907,0.659186098851264,0.657117727736011,0.240023793854518,0.852288554608356
"246",0.403400223293109,0.669986006699735,0.451505045637954,0.521016005876707,0.221112548533361
"247",0.858012194145471,0.171357501859311,0.412477570424089,0.449642441377509,0.447452763291309
"248",0.866481940828962,0.436039604488993,0.0795713867726736,0.927388754067943,0.526633272862527
"249",0.612484108257107,0.468746490318095,0.460364521812182,0.652436439615674,0.864714057115838
"250",0.397822987338761,0.696010728724767,0.628433013978647,0.810371643106686,0.914850197251188
"251",0.717288953932235,0.357280741705326,0.638435691520805,0.279276402208954,0.926573531475384
"252",0.260285850234795,0.437308845403371,0.185230860815849,0.634642455466324,0.133216306312243
"253",0.267877924335422,0.831192137221573,0.552461231841939,0.114861249528127,0.445098457810702
"254",0.765295055383118,0.189747514820891,0.855101575542474,0.610362129818182,0.408942945532035
"255",0.791866376451449,0.101655738275032,0.136577976592816,0.475501302445307,0.489324224380776
"256",0.674702403122559,0.584870842497097,0.277201284987153,0.235683236018522,0.846064665054902
"257",0.0908965869632084,0.432852564535104,0.553512904225383,0.890526977981441,0.557279906238429
"258",0.323155443300726,0.0799591189133935,0.615495611326769,0.534152011947474,0.284899301893543
"259",0.726971400215756,0.483068825091235,0.612598131963052,0.31165802944242,0.0978877683728933
"260",0.641989538708702,0.788984956658212,0.422357759187231,0.119929105858086,0.39260502564488
"261",0.533596438109642,0.455612239506561,0.914717360840878,0.369677578219445,0.677797156254528
"262",0.233367685369216,0.148163206564495,0.492176978631876,0.281502312872326,0.108787888172548
"263",0.443648817805108,0.346468748138985,0.10139088292513,0.540411826434545,0.302132052962668
"264",0.406981583734276,0.710631985165877,0.943471140156733,0.820925700887106,0.818905201235553
"265",0.351333292858908,0.395035132665187,0.753586301614996,0.256874182475498,0.49300543781952
"266",0.373463091353187,0.595630580054829,0.87960285902326,0.460791426387848,0.155654258543858
"267",0.27389984674775,0.572661324978108,0.752471605971921,0.294739518354181,0.662784570243442
"268",0.647860999309458,0.929362845915835,0.16239333583205,0.0752573541305028,0.862144449049374
"269",0.846653260854306,0.421087505356409,0.271332086682552,0.55923640912259,0.730789895979455
"270",0.305646460234886,0.909123932754155,0.0757743510149885,0.662121944405604,0.18667356685875
"271",0.629871044398518,0.378816837564576,0.397916869194945,0.216571998829953,0.380150285528507
"272",0.390355471862713,0.617914687749464,0.621294753856491,0.152717001684941,0.188643045122502
"273",0.686085246398346,0.764257074575871,0.616572409331799,0.143141835306538,0.204025799548021
"274",0.215985894431826,0.754026622287929,0.870818702802528,0.768274944741046,0.146619007643545
"275",0.867719355942216,0.820638928116998,0.0884025168910157,0.80963734379271,0.403092232477851
"276",0.553358159376075,0.845906110702548,0.775736114072846,0.585652679631254,0.756184983699815
"277",0.190758774384158,0.647920935087372,0.214768744965782,0.928286769323051,0.834618039294844
"278",0.304765857804101,0.0749428425438236,0.104894910658011,0.867553686462576,0.750701240284136
"279",0.195780224489747,0.896780247361399,0.75155903324578,0.825306267223088,0.743757661054144
"280",0.834708305337001,0.480306790344417,0.896931435339851,0.168583057638258,0.206789225285873
"281",0.392778485418297,0.117024018428521,0.110193481609225,0.16530713978759,0.794112507428275
"282",0.793965378972935,0.0588430263635237,0.853075191217009,0.539840126749827,0.62923450824013
"283",0.0634101915508509,0.767053720762022,0.11342358431872,0.789278309210204,0.357203669359907
"284",0.600113686941331,0.107506682302337,0.350951098487247,0.574621873227647,0.169981239572167
"285",0.636329273367068,0.286881901917048,0.394867928827647,0.465568140095333,0.485295595878502
"286",0.45047550521302,0.849777474648086,0.868450814766111,0.138438596210908,0.871273336184444
"287",0.174725664956728,0.152612566835713,0.237865131343249,0.711455410766648,0.326155375305563
"288",0.349776954063214,0.191921235281508,0.0596342986028176,0.535828592733946,0.909377615405247
"289",0.456245910740923,0.822597456932533,0.582950623461511,0.33144578729244,0.621501806315733
"290",0.66356162670278,0.280341064515989,0.244092428548262,0.365172366588144,0.738661477010231
"291",0.915423411762342,0.851631091527641,0.306941086335573,0.348136731769424,0.0564861381766386
"292",0.940414183797548,0.174169257435482,0.816760997741483,0.865983736390015,0.294019523313502
"293",0.561705377368489,0.476786030945368,0.203551145364996,0.693834271223052,0.268149742827052
"294",0.617562488055788,0.511927294820081,0.676335264889291,0.744610099518439,0.355544579399051
"295",0.407313087821007,0.425466094737174,0.35247627982148,0.298993901039939,0.240927979490021
"296",0.0557458149385639,0.535678437838331,0.219059743463993,0.462567543730373,0.213447305863723
"297",0.401723847281653,0.602897110146005,0.19241106292489,0.515608933014795,0.775915975300362
"298",0.20080735508888,0.735814372489695,0.174115312309237,0.087028083301615,0.402493855220033
"299",0.589951465049991,0.745581762349233,0.163491649743868,0.566414549594978,0.130735424042679
"300",0.396361407979159,0.311574574744329,0.145545723562362,0.704551045444328,0.797143547014566
"301",0.142564503437839,0.0813144094811287,0.210696432072902,0.371704161111033,0.201219301833305
"302",0.353836767729372,0.288481894625816,0.604138181688962,0.70796775001986,0.45463798875059
"303",0.0804815550744534,0.260971068781102,0.173357663273811,0.217497820227407,0.422883689878043
"304",0.499622655499727,0.80726798790833,0.631907305207569,0.426278476078529,0.110099455778021
"305",0.210227389624808,0.433495108274743,0.224352512635523,0.272685786795104,0.976566508682677
"306",0.447231858146843,0.513995691942284,0.497969472469762,0.804961536197225,0.480237910184311
"307",0.0607419249117374,0.104100258357823,0.418574460945558,0.512949126391206,0.800131089038914
"308",0.76263326229644,0.688253353058826,0.440599107148824,0.443845024357783,0.810805240028305
"309",0.513632970540319,0.460399823029991,0.835537602399476,0.457259262237465,0.339992600698257
"310",0.782536991256988,0.693827086966485,0.746935777761741,0.924071448337054,0.790788575691869
"311",0.243092495090328,0.165014951298479,0.311492299767677,0.590059256945504,0.692789095981279
"312",0.378115009956295,0.0863170561478473,0.528563500462333,0.16242489311914,0.50216224326985
"313",0.936047733007232,0.265555736062117,0.370711424131179,0.658457198829157,0.474312081109267
"314",0.652421787908068,0.722371223907452,0.827908089770703,0.185607764051761,0.429058677152498
"315",0.400005405027419,0.550993579468457,0.851327348680003,0.100749666412594,0.372258419583086
"316",0.68374552218453,0.383655803301372,0.247283891308354,0.134111139002722,0.123569109101314
"317",0.851971667646663,0.382320456687128,0.51867722807033,0.885115778058767,0.69904016701621
"318",0.103820366950706,0.20860270915716,0.112767300565029,0.212824721834855,0.925317407216877
"319",0.836622884473298,0.827093586564763,0.326474443505751,0.394508379610023,0.528567111372249
"320",0.551214204162592,0.810184980112128,0.46656162952492,0.628585886931745,0.0644367843565997
"321",0.0925512510680128,0.941087703744415,0.0953461763663217,0.316715006263927,0.0216178486028221
"322",0.0955568490466103,0.489212382230442,0.9463110857883,0.276232808436267,0.104004667897243
"323",0.906023079642328,0.478574136575684,0.242245272586588,0.210313731910894,0.899131168873049
"324",0.371636558021652,0.539725963396719,0.860235662333667,0.505268667901168,0.77742182829557
"325",0.739857212980511,0.57419558956055,0.745673898689915,0.660505881915335,0.859961624177871
"326",0.880502086790744,0.622202635200461,0.595141525283456,0.273174700349802,0.37024370152154
"327",0.208875070038484,0.665091355149867,0.15380583528732,0.113862792969914,0.0536775380074978
"328",0.88578384471382,0.0968326058262028,0.0495878390327562,0.611789635302033,0.843009476159932
"329",0.541649873707676,0.0592219888984691,0.558681709730998,0.247586457266472,0.162413755090442
"330",0.823831835342338,0.419433754162863,0.841459096544655,0.917688678304199,0.79204886023514
"331",0.162156298617367,0.179066771512851,0.641777633874677,0.473151829668088,0.916113152571488
"332",0.514047928272048,0.251703781588469,0.743606371138943,0.70585737837269,0.772567323230207
"333",0.374304661091883,0.607492987514706,0.339480748404982,0.353820499154506,0.568334143572487
"334",0.842102181086782,0.404585485378513,0.383655110770836,0.237479904752923,0.620231725277845
"335",0.485360711199697,0.62589133543917,0.09925282963668,0.788889334585751,0.517581502802903
"336",0.53058464245405,0.162817547396524,0.457822554111248,0.65477937299246,0.761592136049876
"337",0.178299353367416,0.119999374904437,0.131082110593794,0.936745817844523,0.432837097568437
"338",0.725947693208232,0.108666767084273,0.375847914411221,0.260608496095985,0.831198278327938
"339",0.870551033231663,0.917136061976198,0.600423307993682,0.749695414359449,0.30584232501057
"340",0.339226129449671,0.808977200902766,0.286442234078189,0.387314260593615,0.799315191787668
"341",0.54796758885053,0.554301990628242,0.664465739516541,0.421443235042039,0.961780342192622
"342",0.509291447102791,0.344318445757963,0.357163785577286,0.916443127851002,0.219553286211332
"343",0.748700842300197,0.076804005949758,0.556066287287045,0.62387984344759,0.644336497767363
"344",0.854807076835539,0.766995434187586,0.292812370544765,0.861542821506504,0.235569433063502
"345",0.343085161813302,0.434795832071686,0.523358567710267,0.831074182357872,0.260465542746242
"346",0.607924736083951,0.459816657069838,0.424219418205088,0.411517211293802,0.636176325967768
"347",0.279627994038165,0.570860713201575,0.13368536556582,0.883034999521449,0.122798182468396
"348",0.644680177167989,0.803383104484994,0.223591352978721,0.960356301281368,0.507480028899619
"349",0.308265764374984,0.966757541388273,0.141170845691813,0.878754546386655,0.828887335636886
"350",0.0538882455932908,0.336528455519816,0.227230172388721,0.836986344078556,0.580197049734648
"351",0.320647105416283,0.0912956038438715,0.91202331465506,0.319994312846567,0.297536479700357
"352",0.524008293959079,0.175489400146063,0.67570879055676,0.91928411361645,0.111106336697936
"353",0.903720664036926,0.17846729720477,0.727156889135251,0.656639536830131,0.890681905901525
"354",0.350333184108138,0.0848822830412537,0.564725415328052,0.746655681344215,0.973852571403375
"355",0.505098243710585,0.666808953290572,0.144129454920068,0.310998197747394,0.897014458878664
"356",0.545416055014124,0.187974794866983,0.949052447981434,0.23401623449102,0.192509187471587
"357",0.538961893809028,0.0612232880906668,0.319323307563318,0.0909651573956944,0.232151038995711
"358",0.241070530661382,0.753227292996831,0.351057129861554,0.327555034336401,0.336758807398845
"359",0.927205027410528,0.27835252896999,0.154526729205623,0.14738739423058,0.727636716465466
"360",0.96748862645193,0.223920536835445,0.969029371626908,0.663268366447184,0.0707622412322089
"361",0.817577592581976,0.904420224178815,0.328285030405503,0.688124845908023,0.386214224806055
"362",0.814004508088343,0.598078334478429,0.216661244375166,0.397560282104881,0.293143517561024
"363",0.897451222141972,0.765757337087765,0.135958911455004,0.728471578517696,0.888071178408805
"364",0.276218001530273,0.213183436688269,0.586291812972864,0.357626778428676,0.478669673303142
"365",0.465791218290338,0.491892223265953,0.899388587375637,0.00987435386143625,0.915018643079093
"366",0.106661780730588,0.331286622048588,0.738988633072935,0.378104507832555,0.511676519554341
"367",0.714047147325706,0.370953495141119,0.0389016327031422,0.398090127394767,0.1154420720411
"368",0.603005907651037,0.414328217268223,0.276982744345674,0.0447010081973858,0.584008430327755
"369",0.105327997916145,0.339131551258964,0.479931289449101,0.951722010500962,0.234012820216361
"370",0.0616236237064004,0.915062635892304,0.717358727189479,0.275466155500151,0.516289390477119
"371",0.140073169081705,0.435254445257364,0.880534400659148,0.889890326255001,0.431299233367434
"372",0.827761772520142,0.318571069724858,0.960399453639053,0.412237456347328,0.690279544629855
"373",0.355941055224743,0.292556647704681,0.36040221930854,0.0474521475825459,0.666252733828733
"374",0.187460339275654,0.577281434810488,0.0501420998654794,0.685333189946599,0.700793946603779
"375",0.841496259390377,0.760938260046067,0.903187127705663,0.713793727230281,0.523543958899099
"376",0.166028551443014,0.521525942296488,0.359113757238025,0.76792220876622,0.250421436071629
"377",0.802717235301621,0.0491642200115602,0.493266861761222,0.764011003706604,0.212246581101092
"378",0.868303052830277,0.62119845488877,0.498823397750733,0.194704457294429,0.65165305721038
"379",0.423875261466252,0.291557306239149,0.962917564192554,0.0503746659311,0.542017468622653
"380",0.597441297265468,0.637743573481916,0.698376306933816,0.406879628064577,0.725179304710822
"381",0.124788660534192,0.147936962396139,0.90184748364985,0.264590658671921,0.732921222620644
"382",0.957079472354613,0.586784992792644,0.476052206846187,0.720459939565044,0.737512053701794
"383",0.736578802714357,0.627232777958503,0.733121744633652,0.580169336596737,0.172699933364056
"384",0.501970630799187,0.0833515790158417,0.0558817232537549,0.520739877753658,0.691214338864433
"385",0.169987772470573,0.726817544402322,0.63627791288658,0.502969272913178,0.242101377015002
"386",0.0262967633148655,0.139119395289803,0.810940054065315,0.5600901521286,0.759803560374305
"387",0.996223238035571,0.712603035752196,0.732110985508421,0.893798032680294,0.992757063897327
"388",0.333387285186211,0.507655596835073,0.461430822358467,0.517763200197369,0.795022494779434
"389",0.298328009258024,0.316476715954253,0.0461356438500807,0.578097131447401,0.506713869967498
"390",0.356795967007289,0.416246479029302,0.570603769720765,0.85057551789307,0.710146452569403
"391",0.7902501938981,0.853401054132497,0.243209831326734,0.358321448257891,0.807348729553865
"392",0.0655298323170282,0.938574802675052,0.171625242639566,0.775659578131512,0.683633048506454
"393",0.659970516044647,0.835137552686967,0.707373393760994,0.11795002370351,0.83357590484526
"394",0.16348431284586,0.692385989435716,0.505589544584975,0.912693775201915,0.583496437115362
"395",0.808040107776877,0.499350331210531,0.100733085746411,0.456535302492324,0.962888885860099
"396",0.65173269839515,0.640324560004752,0.212158075412503,0.62000523384125,0.694205829793355
"397",0.882838082798757,0.236113549116533,0.613739101345884,0.725941463666502,0.473751576683018
"398",0.519370420718566,0.921480618803063,0.184783232167829,0.267185440449975,0.251984954032814
"399",0.831483410092769,0.211796849069651,0.0627956096171401,0.921049436232541,0.872948697300628
"400",0.591938168546418,0.259322240148671,0.681790139283985,0.314431827064138,0.17592479897989
"401",0.52735053889174,0.959028507370967,0.0943879203277174,0.631228411091724,0.719367368621984
"402",0.360893878597068,0.321518804290332,0.755593879311113,0.200694225766929,0.8539789182893
"403",0.666975800810847,0.246886344743427,0.923149514518911,0.236796916234773,0.545248587478418
"404",0.330201528618112,0.825518106965115,0.368782049259404,0.696773965425091,0.457961352118058
"405",0.5568321158404,0.701718812000472,0.420383003968047,0.0964044061838649,0.847946594789391
"406",0.0935161465841811,0.880068006847519,0.79414062127471,0.207136771502672,0.248213792991126
"407",0.177073930966668,0.301037014886038,0.720082821779652,0.847223389137071,0.95639515025774
"408",0.107421220146352,0.438915813421132,0.887088988508098,0.747383687065449,0.194215566767147
"409",0.376248053091345,0.122623885415262,0.767141272724373,0.824724922221852,0.350644510759274
"410",0.878048608786659,0.493114892105106,0.196019995911513,0.472402558729984,0.515091257149354
"411",0.750082568163285,0.16354961629305,0.639161548480624,0.0986000508444849,0.096218878550455
"412",0.886424710915191,0.758182914180914,0.763242691488937,0.757947900461964,0.0829074009493925
"413",0.662715762254549,0.427545642351033,0.324580013936618,0.446457574775908,0.0496420751616824
"414",0.223346870625159,0.116474803927122,0.304239111392293,0.211638946769992,0.827122282437747
"415",0.221898091024719,0.885669001738075,0.543568077299744,0.603196924003772,0.869382268717978
"416",0.254522145591211,0.814355663567549,0.761675835365197,0.355856962691294,0.774378984495066
"417",0.727870326773496,0.38556195591623,0.301542586878873,0.684771457961993,0.520550808708649
"418",0.627169526387705,0.68782380260271,0.931389626244781,0.10379405272752,0.848526362969773
"419",0.861263514920603,0.201993370990502,0.706093476856593,0.118424812989542,0.653860423905076
"420",0.856344486341812,0.0699330723215826,0.811825511254137,0.57758356554783,0.173562269827584
"421",0.931974993536714,0.749240189992823,0.0574397690212354,0.461751194024459,0.148243159646401
"422",0.859238428550307,0.643943623164669,0.327661665847292,0.0380833272775635,0.112066738433437
"423",0.480875926822191,0.194378877265379,0.911353294015862,0.408025009671226,0.885977778068976
"424",0.452099023628747,0.198667536789551,0.807218457844807,0.647808480692795,0.0389895277265459
"425",0.473811341181165,0.0710973284733482,0.168784484218108,0.479520920303417,0.338319390499732
"426",0.294094167368021,0.333874098200118,0.689905500924913,0.0711761510779615,0.105169610229088
"427",0.550452648627339,0.755215894213645,0.231810105624143,0.929627619835548,0.868660112406593
"428",0.56477202582336,0.579753109270707,0.462121294352692,0.896216170693515,0.870908003451768
"429",0.424653014417505,0.362003537121462,0.32394591777958,0.874224699759623,0.680005983211566
"430",0.938534356958698,0.504389376880601,0.783538569740718,0.848822721138829,0.0370845985086635
"431",0.963490044702776,0.115681864433456,0.262322531287326,0.154029347174568,0.942693720570765
"432",0.634408413780853,0.196335717527894,0.0635139714796096,0.691475760736037,0.317692375690909
"433",0.506498507412383,0.252298551829997,0.583141075533116,0.444564431682928,0.921127036473481
"434",0.108377274185419,0.176086821899284,0.642211498811841,0.226166847856715,0.812107828147709
"435",0.111114432471571,0.652559862277005,0.109600637401454,0.383258789344924,0.411584340585163
"436",0.608308611868648,0.911134109610692,0.122728204220533,0.516248690047767,0.334013287596637
"437",0.738966122823535,0.604153413274791,0.770865888598841,0.407739580534864,0.491711172332754
"438",0.901761171214748,0.348725922264392,0.54631198359211,0.428385149252368,0.168622780957259
"439",0.594567612131126,0.40918547269702,0.839422892109258,0.879724169668742,0.0416279965948779
"440",0.98289840226667,0.232414484269219,0.565173886449775,0.464782630385831,0.788935214099241
"441",0.670657854467165,0.804596953075379,0.579867810751777,0.615920909759123,0.837423261698103
"442",0.769060395611916,0.296796803134494,0.0103051573790144,0.135894753105473,0.177864009678364
"443",0.0914708643141203,0.0807585595035926,0.782290686063468,0.277288352026138,0.209181829411536
"444",0.1889465635214,0.796452141090063,0.38982750506443,0.717046817611903,0.124455805413891
"445",0.318453725954751,0.549283613883657,0.831674228205113,0.956918616775889,0.645929990837816
"446",0.779285131636076,0.714241181052988,0.544758091754513,0.334802721277578,0.107630655102665
"447",0.416471054495079,0.470044820584822,0.211042202481767,0.0548842869331129,0.308898402755149
"448",0.657042262424948,0.532195364978863,0.936516293253051,0.0991113571787719,0.551623283573659
"449",0.79952490898408,0.389135786250466,0.625695145736216,0.0587811361206695,0.809205246314406
"450",0.503964713136666,0.727525354886195,0.948014818923781,0.0804633559936192,0.227229837209685
"451",0.472325092023937,0.462390095481416,0.541693386983359,0.179354986546095,0.881210228992859
"452",0.0882306218766607,0.109432138227159,0.566232773506548,0.598345289898571,0.332335701595293
"453",0.198558229330694,0.73024994801078,0.156179082866292,0.274328302892856,0.906944886526791
"454",0.559285523344064,0.157325780875748,0.253545326345367,0.161061591718579,0.607606269156327
"455",0.492511301488848,0.593619893573225,0.116516068988945,0.307634455885505,0.635543079455383
"456",0.0689628724008799,0.90636266697757,0.421617602284066,0.438543075162452,0.391517581437947
"457",0.280611421484733,0.0367843597705942,0.0852457180297933,0.364868121693376,0.838620619810885
"458",0.0428257262378465,0.302563059671782,0.257290948892478,0.27803713473957,0.184401687965961
"459",0.797320849151351,0.426604233808117,0.92086814783141,0.682781935458537,0.477382632031338
"460",0.101105336542707,0.377724518312374,0.125188920297194,0.468067234436981,0.660882821979001
"461",0.601297547349473,0.145087660635356,0.532997135051759,0.108734830122674,0.401126480911393
"462",0.445105443668319,0.842391307787038,0.299215789146023,0.899485866551055,0.178174963913392
"463",0.904826022111112,0.060511478893226,0.251267705051228,0.911806425051298,0.176490808333503
"464",0.611769228464225,0.0907942408835515,0.280984873241745,0.82143336979975,0.135283811798086
"465",0.669201410172274,0.0165694357829634,0.555697045409353,0.101165242857765,0.945180802459596
"466",0.0812703234010842,0.0530473359276075,0.30833906214335,0.776302939947462,0.749609930666396
"467",0.100915785607882,0.0884116159675177,0.0143865628202911,0.0701993499947712,0.113602099409793
"468",0.944300433109282,0.441714474600973,0.602606016742298,0.466851243833546,0.452685886734165
"469",0.120542975211283,0.644851518089417,0.871862625371665,0.733595372676151,0.840108790301718
"470",0.951705797771923,0.934323007160798,0.654700420858804,0.425630393554922,0.704463295594556
"471",0.872237776241498,0.500547659803648,0.617136584797874,0.381417308560107,0.739682724839309
"472",0.0767088472552132,0.699620523143793,0.724449379507452,0.961775450772839,0.102292452321388
"473",0.526567275426583,0.527091725995997,0.750198458794737,0.778062849373091,0.767521221671952
"474",0.969283319127746,0.903744171596365,0.470750090735964,0.712105384910014,0.782584698805585
"475",0.368871901635081,0.951134460633388,0.123230610574828,0.283107376193162,0.0268242664511781
"476",0.410636747300858,0.490919446370564,0.190841942863772,0.427882932142355,0.116452204804635
"477",0.286726484226994,0.412574033132056,0.407474056694657,0.439857576448238,0.425338095456827
"478",0.0664307305249386,0.771047304652166,0.427029774350813,0.639996542482637,0.64803092815564
"479",0.033618598171277,0.777812138636364,0.239259422470117,0.128628653653665,0.174445052747848
"480",0.890620845477562,0.892683022838086,0.633099736483302,0.271176852487493,0.484479890123242
"481",0.457173240566859,0.742864732409362,0.439030430766521,0.0374228971642442,0.266752679712372
"482",0.365989109237911,0.528047082728241,0.264482585211284,0.907787410099758,0.342645681871567
"483",0.490299382325029,0.976186825911515,0.291336362956092,0.170952301152982,0.696509320147568
"484",0.366707597629633,0.889760558018694,0.209702360847499,0.35196841385006,0.466351076134248
"485",0.0495931015291717,0.913826333611272,0.719916845410829,0.0219189030744601,0.955147403992945
"486",0.361390144095756,0.399073213090189,0.771915511975531,0.55478612115141,0.995277143670013
"487",0.476960562137421,0.824176431054017,0.539722473403672,0.328179289828986,0.8807848302864
"488",0.484820855372353,0.861396592592821,0.577579964810284,0.686189345711609,0.435649942036718
"489",0.730487674257951,0.957101599056274,0.972394448018167,0.575465905382531,0.61934602465108
"490",0.0694284181189723,0.496679039892275,0.891219470760552,0.374802630939521,0.66991538602463
"491",0.757379131877096,0.0994738759156317,0.039952898823889,0.320575833896175,0.21772777308966
"492",0.918413991961861,0.65039840381383,0.824883718709694,0.153840220138431,0.698322966884589
"493",0.382659840352368,0.161304231052753,0.268589023766806,0.96263211634499,0.468544053467922
"494",0.12347128583747,0.997864445819985,0.762402471775887,0.891260830247775,0.25864838414127
"495",0.128889802753925,0.105884501724504,0.900600894069998,0.48737501775939,0.540309728841763
"496",0.891360527186422,0.616090572209796,0.256813079221873,0.645084307704819,0.180250020720996
"497",0.690011588415829,0.949289533077506,0.41652401855425,0.441530394408386,0.20523650333425
"498",0.437248742076335,0.73991869462491,0.95265497979545,0.551673773432616,0.613780489800032
"499",0.57797388980072,0.224324908964802,0.575344167010859,0.761342056254856,0.558072792093968
"500",0.618620831428096,0.66753947886196,0.699644636507612,0.903924829217605,0.0357442436290439
"501",0.348560762340901,0.0411195037483703,0.392565527569037,0.605785438121995,0.375097579187481
"502",0.954856939860852,0.566940573918633,0.287609814107418,0.931689722625306,0.780941628173925
"503",0.110300767699722,0.210610906878021,0.619719513208372,0.142049880560953,0.437266057892703
"504",0.532867790516233,0.970235232646111,0.659597762194928,0.0620762539482676,0.231151461934671
"505",0.729456743305782,0.2904071546786,0.235746168499347,0.300119408719242,0.482347019997891
"506",0.716158007327467,0.328070093518589,0.665369676149916,0.943779475324089,0.360626406152733
"507",0.795670684236102,0.035517400116194,0.404494016309269,0.84081459241407,0.656907534327824
"508",0.282563565559685,0.303487561346265,0.139114542257274,0.954361214616103,0.816145238653058
"509",0.0729542622121517,0.368664598408854,0.152124147547642,0.111897613204084,0.670561283301329
"510",0.136807694643736,0.623598212771583,0.295719676712062,0.183942263124511,0.640561352609424
"511",0.346840321728494,0.985736270295456,0.79311374623049,0.501409088125685,0.191110048391158
"512",0.721429464807967,0.418793175430968,0.679685456056613,0.17745938686002,0.525214360801969
"513",0.311637840894051,0.132276024856837,0.128358095359523,0.14040841352893,0.442977006409317
"514",0.239348714239663,0.313213587074075,0.789470075501595,0.25463444972178,0.29141694679088
"515",0.0238174818311818,0.65525972691644,0.893321716534905,0.727371573056327,0.364829168655211
"516",0.427916857375065,0.253456369299442,0.0705523199322633,0.571088792672847,0.0635389831045177
"517",0.756362855124054,0.545706461548572,0.377859469770687,0.0302866850269493,0.748141050689854
"518",0.359024995735846,0.0109416967348661,0.979183845581254,0.00453645972837694,0.486486022306373
"519",0.102205033749575,0.169750289395917,0.1495498206052,0.543009663692443,0.917094520717161
"520",0.434046516780043,0.238872505947715,0.744134494920028,0.413289545899723,0.658235905623529
"521",0.312674359072465,0.794398354853969,0.930539403239731,0.976175223904196,0.646747888518497
"522",0.933915269312216,0.785597149384907,0.228147227448644,0.614354542533867,0.678541786160786
"523",0.845292691060575,0.461697569717886,0.939200948124751,0.5367057118183,0.900594755526632
"524",0.800481309468392,0.309910291488981,0.906841741915792,0.376704105982557,0.272398426708765
"525",0.65017447770969,0.589041201630374,0.500265569955343,0.637055850785226,0.661616183900973
"526",0.495073221758706,0.486956282144645,0.00316016798582859,0.562685371394502,0.626303285795497
"527",0.654940462132916,0.0462701600333676,0.829140617770841,0.79763017958682,0.769743136505364
"528",0.224779889567755,0.274946209230227,0.667725257381098,0.563856078092707,0.142559994827257
"529",0.99374839985813,0.791471386289457,0.432846903917147,0.787735065960325,0.434987977334065
"530",0.934771592396311,0.963628310093656,0.494236123132519,0.193180834378581,0.0796165537876077
"531",0.833495375976432,0.0731412859314587,0.70507235863409,0.326101238395786,0.920499894387089
"532",0.945054185562301,0.588714777438203,0.258753680660855,0.914458360767225,0.414601363835856
"533",0.289759406906087,0.3867909107327,0.915499269679887,0.74286878594826,0.754314261118183
"534",0.709680533252191,0.60367421661038,0.0585559130192269,0.122569475943688,0.351985159824369
"535",0.381055921660736,0.0898039538250305,0.693581405624514,0.0737508893529885,0.825746156673413
"536",0.126514154968318,0.263990086644888,0.593889201800106,0.695105775667354,0.713351050769212
"537",0.150239812892629,0.0392854794845916,0.661267255069688,0.860974780768622,0.574261160032824
"538",0.855022441210924,0.153685074130306,0.0547820958269294,0.123959270425374,0.423647627082188
"539",0.0466968134867493,0.6912433008519,0.973902495692717,0.180903253645636,0.957485801057192
"540",0.18992417670018,0.947616814961424,0.0818882490990218,0.909894952459727,0.259363107565325
"541",0.270660912692081,0.948110835722648,0.909764893502463,0.719224526279606,0.352771363123553
"542",0.958579728950048,0.850535412530182,0.438458740908653,0.115808459549211,0.605408384741982
"543",0.759065648512682,0.656059034670703,0.967026547153015,0.537561421950115,0.707445135645103
"544",0.80522107696184,0.795338907058118,0.38547901199013,0.895929447119823,0.647204525716603
"545",0.775346284825588,0.30405690381676,0.309608527811244,0.0193608968248591,0.932890213721199
"546",0.587511088527972,0.46936850944953,0.454743774872972,0.13287434068555,0.0399292246594559
"547",0.0211179797882214,0.813543500910047,0.384255172151141,0.356844806391047,0.763036904064706
"548",0.321311941823456,0.823625979214674,0.662207688917872,0.127541000937112,0.68274634632282
"549",0.0773150745381136,0.805910569777479,0.509623618369922,0.227341639689635,0.233866439515725
"550",0.701599915698636,0.715328899489017,0.115867962289834,0.798269200496841,0.197377677753568
"551",0.558153892031638,0.717418567079818,0.805058472606819,0.265677024636185,0.0876198791761417
"552",0.383361117392313,0.510797409335384,0.756254893643549,0.714343730656663,0.273972546993755
"553",0.8638843285162,0.618501751661068,0.84908005463006,0.979612722303253,0.514788738373434
"554",0.352381547750672,0.24876398986741,0.376309985880973,0.189357003836427,0.367271134007024
"555",0.0521998348676134,0.45441417251993,0.678041907592909,0.258983315261779,0.937342458912404
"556",0.220508811868727,0.716988366358448,0.781582850585226,0.286358946331777,0.450006302885944
"557",0.0731799191338941,0.33477686827397,0.201647054652451,0.880250499928836,0.295024766104529
"558",0.422150129965274,0.503501051418483,0.578074114139192,0.2979531170181,0.608943986193044
"559",0.824608640728518,0.277360035105143,0.919641180548118,0.0499018054984044,0.933162309072912
"560",0.970894975473173,0.237674317138502,0.273769445402082,0.703804948040051,0.741357975185383
"561",0.338332589968573,0.0478902499238029,0.695907482940471,0.074563171812566,0.151859854235081
"562",0.14474308126932,0.990660514582181,0.222784052218543,0.683711479056627,0.362372646982549
"563",0.409489243188407,0.440576141679892,0.62686523781321,0.287149146263022,0.0434170965712983
"564",0.643874202265171,0.860563388559967,0.799142296483042,0.773284489160171,0.198476216361625
"565",0.763266923171002,0.0633962490428239,0.809204603597755,0.0774432059484534,0.47928755210503
"566",0.149260952807497,0.0945333160925657,0.0065669877382461,0.506638093716232,0.405351621005917
"567",0.696489565229043,0.942844601697288,0.329312172086211,0.815598233047873,0.935837209463818
"568",0.448464506253833,0.442835866562324,0.563181132765021,0.715168609444285,0.054748333406169
"569",0.794346192137338,0.0450675926387776,0.471334752066759,0.970452621624572,0.397577106707264
"570",0.554840559131,0.874801069081062,0.2745991346722,0.564062169687357,0.891948415857041
"571",0.255398339363281,0.746894789208425,0.25966030511912,0.482828416391974,0.129428025147878
"572",0.130751361776143,0.569357179121813,0.850979489488062,0.497216297784122,0.0248606658775825
"573",0.502623888975242,0.329947066440247,0.013149821260944,0.175517371312482,0.229492360985372
"574",0.52832080551167,0.94400847882987,0.634882668349426,0.990039861794328,0.850849173132097
"575",0.785180317467079,0.464688467422267,0.0185922689323779,0.729125403341837,0.32322466925974
"576",0.285998476791196,0.83022656169883,0.741516336793313,0.542232058325317,0.490305356577504
"577",0.914030326714041,0.159524769367883,0.390987693630625,0.424989319004817,0.0134631601076107
"578",0.924997987007024,0.923841821399052,0.934076264137868,0.876485882009147,0.771314173935214
"579",0.724019238711335,0.594237332181074,0.567726765372558,0.215332040415844,0.901720179022523
"580",0.655112008754164,0.609081894682255,0.315690675097052,0.285899479607586,0.428910376227926
"581",0.486329811378149,0.908214732277207,0.0481806987542659,0.817110881646397,0.0832335479625035
"582",0.234857633656356,0.431762580164708,0.776292559560156,0.998304058443289,0.131097899666056
"583",0.929454812506679,0.0870799920309801,0.508960632852744,0.302733061319916,0.599343885503942
"584",0.911226797355106,0.374071627003141,0.91666932396777,0.156222705692519,0.578048203150043
"585",0.0752038808031939,0.233896019415231,0.531505844051251,0.116980541678844,0.16053103974252
"586",0.910008729560301,0.847147710060934,0.739109684204916,0.0657380827802699,0.304828248207457
"587",0.363195821410278,0.981309721114812,0.77370810658345,0.296490209658165,0.531092039822135
"588",0.175404034555657,0.0343716792112682,0.950038922506152,0.146615257580997,0.944364382596454
"589",0.327330938863335,0.29812161677517,0.965331124419579,0.699146870148135,0.426698117233114
"590",0.883590813386487,0.453455248028273,0.725714900822844,0.687780344802653,0.681247485438362
"591",0.768079280972714,0.695710465846583,0.942520875620656,0.0172460396899842,0.0686674047536217
"592",0.0406070170905441,0.0706950830002315,0.18140496551618,0.393431653999491,0.676445367188659
"593",0.127312514861114,0.0930071662019473,0.177440441211686,0.629282620100304,0.0739443902892526
"594",0.746860728544183,0.25783658964606,0.715414593480527,0.453952424426796,0.518992849805392
"595",0.681746898565209,0.928858159831725,0.88259539423883,0.999892806733726,0.544540143317776
"596",0.216943020377774,0.768714193250984,0.281314716645051,0.910511183828581,0.427531870873412
"597",0.638356058412697,0.996263327819295,0.648664309479529,0.40379779416183,0.628944478817051
"598",0.290153255026322,0.575011995777488,0.200751449358184,0.550899545686785,0.488781960323686
"599",0.42951295276056,0.611578774150927,0.473768472022843,0.573073883312289,0.465439936755691
"600",0.965758136874996,0.0787464622885454,0.455744975690264,0.031092025870923,0.072211988489842
"601",0.508975494567538,0.212120226021623,0.126562152667204,0.8722680349648,0.954226821486838
"602",0.676084886913421,0.752723525873851,0.512148655495839,0.581961136304308,0.310836111930665
"603",0.567311939596431,0.790981796874665,0.260828842950519,0.737065591429127,0.418447842811001
"604",0.672039787145099,0.098702035631286,0.204512926137308,0.66644994971808,0.768488299799385
"605",0.249383293468505,0.610020393339684,0.426217244617408,0.288173219300108,0.87466839589458
"606",0.0270378619004041,0.403276594682829,0.606984007850289,0.363945521875285,0.309372929177945
"607",0.134983293885132,0.325731955056079,0.907682522529271,0.0337212389099877,0.163002352678683
"608",0.850349846374476,0.952177788978443,0.313347591357771,0.557056553504663,0.951311731076799
"609",0.680799340845551,0.244611506473273,0.668556220104219,0.953447016414721,0.830959184632637
"610",0.458229575381381,0.0568738562429789,0.8017353687617,0.402690365892369,0.0676576203056611
"611",0.25398798154993,0.629536288061179,0.0281082022520714,0.607836001011543,0.247949862440582
"612",0.206816497031832,0.559200342519907,0.608273711017566,0.701733605628135,0.627405633190414
"613",0.316127244416857,0.779470057952916,0.0937139280531555,0.109058075043373,0.703880931189284
"614",0.306033890763065,0.033822006555507,0.279711860621581,0.157776775007369,0.126906473953975
"615",0.72091573077091,0.95665235107718,0.30382473658747,0.106557004968869,0.245703163583064
"616",0.667068287384463,0.359586409826064,0.748994014376774,0.526326091188239,0.839941443401156
"617",0.687941623560619,0.358895404102048,0.955773798774695,0.23061110987491,0.0529627814602572
"618",0.116805904606124,0.619913157769712,0.195288003661903,0.672207240098855,0.931426876625745
"619",0.440769662868464,0.0267054926392157,0.202036218411522,0.735430848804535,0.539173133109463
"620",0.197603306683013,0.557185073247878,0.768363756231964,0.0324876198275015,0.804268523956882
"621",0.0898006635166239,0.895935623649508,0.573850131924264,0.82612018425623,0.939655746561242
"622",0.761910161822103,0.865602587641915,0.378303162047174,0.0461452320807148,0.953032787655247
"623",0.325236074812477,0.240348512840457,0.514391862894874,0.290632034393726,0.717052064914256
"624",0.948706649158849,0.736753201292362,0.142532874276862,0.219068671142915,0.672500790985301
"625",0.703226853497559,0.0286282709592488,0.26776110099745,0.255186352309305,0.0596633299677633
"626",0.388660267927218,0.285427888180828,0.364252569852164,0.362705532626715,0.0239142150133848
"627",0.259683359439718,0.77448938464676,0.458060358893126,0.00538744180114008,0.0453353794908617
"628",0.664076057378901,0.126731156591093,0.179253197666025,0.932682740523713,0.421365124232834
"629",0.987046405949164,0.556783567962935,0.107197882288601,0.752965784999542,0.633375656903256
"630",0.941871886444511,0.327842259713449,0.0311223347033374,0.306513252110919,0.313918021371588
"631",0.752490030640038,0.392339880800806,0.884889327509562,0.653392355241813,0.196185654899571
"632",0.744317890338134,0.748180039427709,0.774632501828019,0.386932719002478,0.981870676862309
"633",0.44906158438907,0.299411751050036,0.0902666022565681,0.0352450190589298,0.68489261240419
"634",0.428124122323235,0.930326011992525,0.937353655171581,0.241679473825963,0.24919397584605
"635",0.38701152061834,0.839980543954298,0.29845787111856,0.085475727672223,0.967110710285604
"636",0.024418504104251,0.82198845092277,0.599262154084397,0.680174134030938,0.0323359313174151
"637",0.783654882213101,0.509329006144544,0.980140915981261,0.808187210743316,0.994171317165717
"638",0.980634814110352,0.812757442781469,0.554113517174032,0.488667670254596,0.208010397305479
"639",0.949681550443871,0.247568682908313,0.111057449936634,0.384894899945473,0.924724197153002
"640",0.34022384104738,0.855796155727236,0.792068746791687,0.741531745943939,0.971942308096215
"641",0.291764589419123,0.632607373525621,0.430246900539612,0.992815435702447,0.150519328355091
"642",0.569880022051511,0.390457506107166,0.213809088638984,0.553191591204843,0.849814508736134
"643",0.418572674206691,0.590285183742177,0.335271214617416,0.709325745521579,0.96355860650423
"644",0.0120069694127887,0.615275400799932,0.730966629946372,0.203844653708162,0.156983906362671
"645",0.909146652773023,0.704769966586027,0.534611481143162,0.450993795019807,0.564831403976073
"646",0.572964223350864,0.780733427753672,0.353371265837224,0.391313990772935,0.668696439448744
"647",0.754169481315417,0.843990347445244,0.874743785452098,0.299688286165707,0.663865962767741
"648",0.159608617535327,0.340641519539058,0.822474282895913,0.105349626352545,0.600755428782897
"649",0.0437037101977039,0.01235612163716,0.646993782317499,0.894291055924958,0.239565034745727
"650",0.470660500393948,0.312299200566951,0.372359266757267,0.649614519393304,0.263374071700266
"651",0.839455293309176,0.919219540556893,0.103154330327874,0.43531058650231,0.49573071411415
"652",0.483665584757458,0.750036051480565,0.560480610772269,0.338984241999686,0.356503111530328
"653",0.302790642874781,0.136812478690874,0.890828563035,0.736666377719259,0.943095302748727
"654",0.087955261902418,0.708940612966428,0.580512260239804,0.00383067352348007,0.522677914221771
"655",0.151621452486608,0.983769293263787,0.932485413101735,0.739807330447482,0.625345104326727
"656",0.979735584405717,0.506246108932421,0.278356995209353,0.184034154101508,0.363017470256193
"657",0.819613426866708,0.146775974612683,0.694544516881229,0.341327115485445,0.00182681531482376
"658",0.0100182447936386,0.931812032960821,0.396883963367203,0.959431480093626,0.281350780794397
"659",0.598025476317387,0.484593275664374,0.703007371433545,0.126360334988916,0.274198344513774
"660",0.679783948701108,0.541397079800023,0.603924042609986,0.90163874943112,0.622487982621882
"661",0.032901150588179,0.272642975110328,0.876305162363686,0.602770345159341,0.0502621358188335
"662",0.51816286162613,0.14402209643973,0.872826269658748,0.544023055882426,0.398753183571622
"663",0.398404289609054,0.732239275294822,0.70960908734682,0.651201911745593,0.0552611071497668
"664",0.431393915781286,0.756685421634466,0.701463089785539,0.905203141474631,0.264258183336817
"665",0.182185804814799,0.891611823591636,0.0532926138245966,0.395710115466733,0.279300532554975
"666",0.0044250662222039,0.177535083861556,0.0865451163763646,0.99646318489965,0.591258721875027
"667",0.367676070134388,0.744564094978618,0.640776449595811,0.952903007332468,0.695298019780312
"668",0.332106742768316,0.552178206134355,0.0159762268227059,0.222551355446689,0.314418521050364
"669",0.477121834073681,0.21629312994075,0.33485892859241,0.333585097508039,0.903975263941567
"670",0.610955633797217,0.205911078663776,0.00141011966997758,0.434864214483649,0.483373317882651
"671",0.539767667892156,0.634559802188305,0.453313755613985,0.404646977909841,0.0516127934544347
"672",0.57893947530468,0.8724395832913,0.043334530283697,0.304087597205769,0.579412253737915
"673",0.0287083736883942,0.350644547545351,0.858750730898697,0.612514421288623,0.5883139016442
"674",0.722906766460277,0.140087515210034,0.825186875107,0.965956796227954,0.127544319617329
"675",0.621285150588723,0.9254316171885,0.537020435742801,0.87775118209119,0.100167819222435
"676",0.0992363540998194,0.429318385976134,0.0690397572910879,0.0672732528664637,0.118575990790967
"677",0.91230014160485,0.725124318314483,0.826109681280563,0.350649249916896,0.319491504505277
"678",0.521475314494222,0.124029093036195,0.495286687644664,0.389865496079903,0.416874908534577
"679",0.916011066750158,0.150102609271416,0.0838147134520113,0.609778508833842,0.23711436001095
"680",0.2117796209394,0.341661125867162,0.31758480344899,0.676746659393189,0.898102306663524
"681",0.810714729677187,0.444830370663898,0.527104492676212,0.732497623466188,0.35817367883469
"682",0.278442079752684,0.886070777949411,0.275972433143295,0.638112176096765,0.778134929067921
"683",0.776199763034936,0.347525465629296,0.290111014083028,0.946154526758473,0.919048053930281
"684",0.264337812418351,0.297406045014039,0.355266357015818,0.784983564610593,0.0584028163691983
"685",0.829248241032241,0.0224236249565147,0.997449500107672,0.422946755087934,0.814983207203681
"686",0.329328689710004,0.317491403963882,0.0405342858028598,0.318359061269555,0.806522011370165
"687",0.95624129636283,0.369098628081847,0.0364410951884929,0.841530894608935,0.0200061002057046
"688",0.966703224158613,0.505984873446869,0.0354919135528617,0.00831590401334688,0.154264544082573
"689",0.143278086593375,0.0208783800113015,0.671764853719622,0.367362298630876,0.610183497072663
"690",0.928835258577485,0.474846637568437,0.591197286024922,0.034349866554141,0.252794105021982
"691",0.491978469512658,0.29357691455679,0.817921202963218,0.90682882697531,0.617274886271451
"692",0.998902351526776,0.258108932117233,0.808652223185403,0.594569131850032,0.316762803066289
"693",0.515786094922572,0.974583943173057,0.167070549122058,0.958027427366702,0.643571144612739
"694",0.0715714587087277,0.878754935205216,0.0455819828684907,0.437876156097278,0.989497038275236
"695",0.665252763277385,0.283943551348755,0.93576972363377,0.0429585943319835,0.28891479771724
"696",0.678959216340678,0.473439387502614,0.282611270163674,0.968383683606051,0.393927794903982
"697",0.0132145574754104,0.373807678415207,0.337762937119231,0.32343313374673,0.555874210437993
"698",0.733709354771534,0.123469591145637,0.4788042701995,0.66561849441519,0.910508355351398
"699",0.202674849961419,0.975177274785005,0.513020233863965,0.233245853587054,0.860792319124099
"700",0.0840960195935331,0.5487267067621,0.314834196314681,0.262561259488575,0.303990910084685
"701",0.314931195225334,0.379028168852674,0.411303391004214,0.0817443673461676,0.138144392958377
"702",0.109121430512751,0.95821054362203,0.878142687689513,0.779574860061752,0.0337873323170934
"703",0.441342096158303,0.330524035509909,0.080288478575414,0.852367370740278,0.271433030907065
"704",0.369559806689387,0.723713375918567,0.380472086633788,0.0229786419558804,0.642115410407074
"705",0.504629349820083,0.972346263321815,0.904757316849427,0.0786107309646904,0.664185710655991
"706",0.875627614924684,0.991276884705527,0.838372278297786,0.626793264982523,0.285530577677069
"707",0.319287182837958,0.992823354637716,0.449108076498611,0.232198656113818,0.270093138465891
"708",0.523020952556515,0.320354306482011,0.981945828590076,0.870305831113132,0.269527730064234
"709",0.708287360673305,0.775145916522481,0.0164741233272944,0.766003729363438,0.740948266318534
"710",0.743279630057979,0.0648649651585147,0.320811394496588,0.641004926400259,0.453852673345245
"711",0.455863728737924,0.407598408254795,0.718477957213996,0.0455917011571582,0.659275866854005
"712",0.992471027895575,0.797865596031304,0.011104060462676,0.791291423106333,0.179865348045249
"713",0.129085587370908,0.384558404535055,0.760730687916977,0.935811595093226,0.701560107619036
"714",0.932320421163924,0.973161150532542,0.266835358549841,0.925335016787983,0.458463852502406
"715",0.955325030290987,0.905052066932665,0.690325238950318,0.0975413487229962,0.762145573081914
"716",0.145176659180084,0.0299719974128529,0.45286835083575,0.0154019069469068,0.9888948452482
"717",0.0140200425176881,0.0132835923016537,0.974095747476211,0.794105413901852,0.724771925537614
"718",0.331287389418343,0.319917068910552,0.957503607730381,0.483346430493752,0.193373693089001
"719",0.661220377075253,0.817268682380207,0.941547379932832,0.77486067085457,0.78966926656384
"720",0.711866651552729,0.450659916326869,0.856267525115982,0.201816502782516,0.787821052747779
"721",0.905551724571036,0.349546473962488,0.294254749068525,0.49081981355208,0.301664372770349
"722",0.964778327347012,0.287969504157547,0.848442445383873,0.866649039351381,0.519443563971436
"723",0.117156659367494,0.854872288473416,0.722170707811601,0.969754514520755,0.546689110110281
"724",0.0541134272762574,0.596016040898161,0.272047019008081,0.796652089040028,0.618532150236191
"725",0.293761955511989,0.448319606027566,0.688822920361301,0.484368645985145,0.41946732504433
"726",0.806500158163486,0.898208762266906,0.00832955933269113,0.197657659861492,0.887929138837848
"727",0.820150249853963,0.698816682456061,0.605145233223913,0.947027431864757,0.222266139946179
"728",0.328361671758583,0.720624001940945,0.0198503180823755,0.864808747824514,0.758267262590583
"729",0.753389715827536,0.217701432234375,0.330412788116606,0.089873504758114,0.278607730412623
"730",0.399050170993898,0.747107783728512,0.585100020027487,0.570947874411475,0.718779678814579
"731",0.296338671694975,0.366260695491917,0.98946490344638,0.375096518897219,0.549767864815658
"732",0.25644201153703,0.326272034471389,0.386764458289603,0.795270992260892,0.481469591004308
"733",0.741280492006801,0.953661091411952,0.723405252369586,0.324476821951335,0.220218422634527
"734",0.268505193313584,0.645606106316205,0.985834400782827,0.18615866553504,0.261356405690778
"735",0.164165690837894,0.646452137455577,0.953810874780407,0.445933859766228,0.896687638879521
"736",0.747293213587953,0.686175277794711,0.176796718529658,0.261761395771056,0.103723281932063
"737",0.0577888806916308,0.20731908843061,0.925490916450508,0.392600367530482,0.972851423915708
"738",0.742662799622165,0.702552668736782,0.0376117114312947,0.987195139418822,0.991802501020255
"739",0.694907001018757,0.0377838181580883,0.138478938323911,0.291597285899566,0.729611176898004
"740",0.974251267512096,0.7280334161832,0.199987554736435,0.390800867536105,0.936254679781618
"741",0.588250952820526,0.677520990550751,0.929335777182132,0.814806681870017,0.374779228308704
"742",0.923738466441398,0.0157912927968428,0.726823910563719,0.844159674700582,0.9606853524053
"743",0.632054096607491,0.218878115072148,0.623409203445306,0.592668201352935,0.161178846435389
"744",0.864345285170479,0.106346090489067,0.25294167650817,0.0101431057837326,0.603738790142816
"745",0.0346231046395842,0.231974830832798,0.435940033093793,0.495676643206272,0.060558354430832
"746",0.0188251161566004,0.0174585153812077,0.158499550822191,0.851958818191895,0.282617965177866
"747",0.0746503098821267,0.0755461935345084,0.41304392009601,0.129700646056328,0.638400211883942
"748",0.895697989816312,0.859690771551104,0.13059083965444,0.039908310206607,0.42045966005791
"749",0.84789449200267,0.229779259792296,0.660667698180769,0.25198052765918,0.322119542258559
"750",0.0489171765099745,0.585617728833575,0.0447682981661055,0.938427090437617,0.286736103306524
"751",0.281370975700906,0.979393362878822,0.217657833930105,0.941649135124637,0.00592071143281646
"752",0.585918341185432,0.968644534696592,0.362087835968938,0.677417562636314,0.631064941376913
"753",0.370009874506621,0.481182265067473,0.305376592111774,0.0790731292082928,0.975918592408765
"754",0.0200602530660108,0.927892942569451,0.643040252798004,0.619751700152643,0.52751751246932
"755",0.204855886192527,0.300559977954021,0.207618294498185,0.494964407269144,0.280443386653438
"756",0.362302738088882,0.852694336574757,0.0927984175484162,0.616912529085763,0.451267311465228
"757",0.740093904063106,0.337365990827093,0.325452291280963,0.698247862385586,0.0886534398766235
"758",0.334778410879429,0.019339852668345,0.193002314060228,0.372018416883191,0.572710808517178
"759",0.385822454675334,0.0481332944615278,0.24947928565857,0.97741513558384,0.0480484573428985
"760",0.0703303282824345,0.0522566918679513,0.0272028090953827,0.205448019770673,0.359069560997188
"761",0.0308014882383868,0.606562079577241,0.66359249994834,0.423138127665035,0.536524161283858
"762",0.798919092788594,0.724102522004163,0.574627371656243,0.0528735027608927,9.87948628608137e-05
"763",0.811342311458662,0.324704589525936,0.405529853277607,0.379973216357175,0.979697408351349
"764",0.0446191879089456,0.00545876463456079,0.97771487710462,0.0271502154665068,0.0346597371492535
"765",0.158971034549642,0.658711921588518,0.610422415663023,0.48541943667992,0.986831400065916
"766",0.525266678739106,0.879463564181002,0.947342363093747,0.595609350827057,0.00789593909401447
"767",0.848097981521627,0.294927040989278,0.0302292739877012,0.552956624848535,0.673369602980791
"768",0.411177607421065,0.751075737648876,0.734494531231467,0.0166587767135352,0.409391070843209
"769",0.347137883211719,0.353508859460708,0.991303931272356,0.269830787051702,0.968362975328462
"770",0.512395851931069,0.0657517956655938,0.0660806791216601,0.0618513590125367,0.0891189587563276
"771",0.167650195709663,0.882923018990783,0.961483328381088,0.396929428823525,0.566806676134933
"772",0.469894220858347,0.651495203235652,0.785251354273874,0.221518932628911,0.987042523814598
"773",0.0366413937089965,0.729178071485832,0.482911431206623,0.144854023664491,0.977526224482106
"774",0.246055562952766,0.203977818451589,0.677522591498215,0.834554011488333,0.0693060789783485
"775",0.00246883827354759,0.355963073367486,0.246629220749019,0.0565830888699275,0.998640626900364
"776",0.639306366577745,0.112759262144798,0.800074748724001,0.253283277746756,0.731584187599598
"777",0.570045057072537,0.494346019869437,0.990457708789269,0.257339785506949,0.354439452801365
"778",0.619793409582926,0.306277974249562,0.456468066070229,0.204621532841353,0.705570195807144
"779",0.045868142087711,0.53872720480198,0.322764145732392,0.854051430943655,0.0094010858098045
"780",0.973655944345053,0.170678520664806,0.533057491901796,0.957564580528764,0.746790113440249
"781",0.942502602991415,0.599454176062252,0.788951066369657,0.690479984567268,0.335408986660885
"782",0.631077156013343,0.641047830872471,0.735057428406784,0.842913897391176,0.999620014167158
"783",0.217111755336635,0.661761180709815,0.0510734976879321,0.385707563643577,0.665727305765264
"784",0.459353350158082,0.581449191832216,0.0722193306004629,0.669676664997591,0.0280860847418662
"785",0.947086218138691,0.536902959682979,0.749493160614278,0.268471109689213,0.0711743653733283
"786",0.801474777117372,0.268737914936384,0.954222464012448,0.6895392944864,0.747861681899056
"787",0.230450237091631,0.22558540234575,0.441391669220058,0.940214910171227,0.791010655257618
"788",0.00664124317630194,0.423579255212331,0.804042543173535,0.64642436327273,0.934460197735578
"789",0.0500296156224795,0.682837094953284,0.321601093273843,0.582472941743676,0.340926483584102
"790",0.179831492983969,0.663828370466828,0.970371704041958,0.978423361440422,0.254550642595161
"791",0.000228182296734303,0.0307889575106092,0.236108382234583,0.198896757711191,0.0400800862214528
"792",0.677643116026418,0.778978458553087,0.248647210804746,0.107348537862534,0.671497042399365
"793",0.23727040729369,0.840685644955374,0.318662954794709,0.973026995955734,0.964011459166184
"794",0.135402133975178,0.111619267133996,0.940335594753502,0.190942990622018,0.413576593172038
"795",0.985097383737098,0.631874721603934,0.60929971153033,0.429232435132144,0.982594020817429
"796",0.778740556098521,0.936079771977384,0.963221279087244,0.0769928245916963,0.462364895672072
"797",0.943419043086236,0.18217244640016,0.70234606887796,0.710115392070264,0.0120586269947235
"798",0.961796176324133,0.587462123363046,0.0749930544439703,0.0367469353319611,0.913473877171054
"799",0.735126572177047,0.00989540815912187,0.875262561694486,0.149205540842842,0.152645583373262
"800",0.284552815368399,0.770199815604836,0.683037245788146,0.295523139844183,0.0900465941657312
"801",0.975543897696771,0.242585334305186,0.444603173246607,0.884738232778851,0.255708374481648
"802",0.380040335681057,0.0664204133343883,0.338044447603868,0.613278429196915,0.911073532439535
"803",0.734765405057231,0.826532866769237,0.645740651722066,0.648943748045247,0.576715027597733
"804",0.648634384526638,0.463512950857403,0.102252711356618,0.802235858807573,0.639386918223929
"805",0.780688189614797,0.323756624441361,0.489930671953596,0.579164508269634,0.679868359980872
"806",0.649227568170521,0.35698083836725,0.0961233323740307,0.208166976169683,0.882010779363802
"807",0.590112091302872,0.256518743116176,0.241414976719534,0.370049105643993,0.230128633351764
"808",0.236683965967502,0.787673254546477,0.996826562100323,0.527098188678967,0.216909119633725
"809",0.981173181883525,0.42006284658704,0.588032583255554,0.0925597716697957,0.595023618085077
"810",0.637215951529564,0.674119853202254,0.635422927079955,0.163163591091055,0.630431250673952
"811",0.170823873164598,0.705832990446594,0.614655206353404,0.769004594745813,0.337763517895946
"812",0.582621392367408,0.0956606446916703,0.406287800511811,0.963338581219083,0.970679260178702
"813",0.408657789374702,0.694723254483426,0.263947075218195,0.224218305806164,0.157108140663942
"814",0.937049193100771,0.626268620795338,0.26936753833387,0.915943400581833,0.0187302060201764
"815",0.404047753128922,0.939033459331375,0.387330580672249,0.588704700608039,0.238810802537249
"816",0.972601285761688,0.0771747781967279,0.67328146817279,0.567575136071304,0.604599695478333
"817",0.00510991169279441,0.410142990180757,0.157656720513944,0.908481043321779,0.96936340325675
"818",0.337153077709023,0.0924745783968829,0.597705615172396,0.640529947850155,0.59234404756478
"819",0.358301534190541,0.0627028753620107,0.70415762411477,0.359838726096321,0.948144149795407
"820",0.840078021805501,0.924999601772986,0.254078689872287,0.608438067047391,0.0984025400688406
"821",0.7068918757746,0.39145037701074,0.569229295217898,0.980669113514014,0.0860353570000734
"822",0.862814921001205,0.902924499341287,0.649326148020802,0.983567697759485,0.76526898942329
"823",0.633031425310997,0.994099912412697,0.332200006359024,0.32134928692854,0.444321570939617
"824",0.560738498088671,0.519733582634246,0.784527505224571,0.469663327666232,0.0470376778689679
"825",0.313264582957141,0.397778996571433,0.197819989216281,0.245474259617971,0.529017164531397
"826",0.0223630672721192,0.916705452778377,0.105393178350059,0.993130995700136,0.533285609597107
"827",0.770791204588953,0.792646424120525,0.975391768785892,0.964907148229657,0.0781046529859304
"828",0.185044377328129,0.121904235935071,0.0335050944683608,0.661500190897146,0.675905649720225
"829",0.529000461687101,0.982386365772691,0.0470474133200478,0.025051910775248,0.0295492983816657
"830",0.825736630896805,0.638857448409777,0.297280955259921,0.659363453770755,0.45646908848919
"831",0.702885906834854,0.635021533558844,0.0322541271739174,0.419814433601219,0.764127247940749
"832",0.991059165948769,0.195379472739529,0.987077961174306,0.112015592593933,0.347836863146164
"833",0.300461675368249,0.560833988852799,0.883764927271986,0.934493904535892,0.947454197560204
"834",0.562252376604127,0.0316592399296351,0.0679214338182937,0.937724971088814,0.688205540329916
"835",0.0380959418967832,0.900546742290026,0.296559970252914,0.084597848709207,0.455978727782611
"836",0.439725471589249,0.118744940120727,0.488616353780031,0.875407603861298,0.283157447031466
"837",0.435476229331456,0.946077391618164,0.778701814122498,0.753985721970675,0.623068793615093
"838",0.0856227538485546,0.31570746824611,0.682895693219267,0.780117617999436,0.36905563105084
"839",0.766106972103938,0.922147503470071,0.491393309489358,0.322096592633752,0.856795327118598
"840",0.181491509202868,0.0321920632640831,0.472384432960069,0.313790004365379,0.324152615657309
"841",0.0251837824427057,0.955910528232576,0.307511546812719,0.410795141555369,0.140276366565144
"842",0.417139100919943,0.120944023926277,0.998126068737824,0.0690821489859372,0.770367551289033
"843",0.772032108106418,0.685600181649672,0.379294126000022,0.726872240328928,0.873757003610488
"844",0.959778050503461,0.00791424868954346,0.450214589152951,0.455736980807735,0.9663989801649
"845",0.0780027251697611,0.591498429599917,0.0613644020406064,0.342875624257838,0.0424087043572217
"846",0.269447923043743,0.523947350860573,0.562768530252157,0.160884090269916,0.396214569596108
"847",0.160039057135582,0.551767227635952,0.0126210412178189,0.0604052380095236,0.876719113196013
"848",0.0623807368536945,0.543121275843587,0.36778482497111,0.499079599426594,0.76081965507241
"849",0.995317694252823,0.954664630140411,0.535597519549076,0.886865853163647,0.120327172117308
"850",0.394483827299438,0.526353260904085,0.00536968714790419,0.618158299493371,0.908327773246216
"851",0.575273867006181,0.633044558771187,0.395234340902651,0.782416708635865,0.189963231312344
"852",0.930702831671108,0.653496780438582,0.0203968002358451,0.325580026161624,0.381915025385795
"853",0.98433492299309,0.0546602405838203,0.205146499238443,0.352497061425587,0.552730874666013
"854",0.00840993010532111,0.508268057725392,0.821560797420796,0.0145981592575554,0.389739565257914
"855",0.0581055452178698,0.995733864400536,0.557941959172254,0.0294940174380317,0.14974391616066
"856",0.393547138026683,0.731742154954467,0.0640381209650077,0.939578159421915,0.311717584249098
"857",0.55588178167562,0.439589827925898,0.796369045584928,0.604648741996614,0.565704946297454
"858",0.89865335081052,0.415669895476894,0.363199653343298,0.209438091809396,0.0576402831252199
"859",0.0793316626083106,0.0385748195105698,0.630128780016676,0.740671004164964,0.904565384351183
"860",0.119426797735505,0.343331062254962,0.0294366992816795,0.777020438363776,0.0468339687008411
"861",0.989449834069237,0.642481579343556,0.922156651758123,0.74833652100875,0.773579225338995
"862",0.13264796613506,0.0445211971134413,0.403974962482462,0.972094115777174,0.487083009409718
"863",0.0295871802542824,0.837503317209426,0.861083921934478,0.942548625866184,0.883076098792488
"864",0.191475400660886,0.989674511699704,0.984898573557381,0.0948065036041662,0.980654525671387
"865",0.751799456946785,0.0579049656584393,0.0236557315262035,0.994850354041904,0.166030298438622
"866",0.0972984011680819,0.529485114427516,0.687447298328625,0.7553592985461,0.0109044502230827
"867",0.977138395381859,0.31023210945609,0.806775403111009,0.329522601457313,0.930421923493268
"868",0.0396589573051315,0.759086566995131,0.798166830233997,0.187615345411235,0.728062653634232
"869",0.173354020992061,0.267776586935157,0.742564522606321,0.284441280451836,0.0169134014402516
"870",0.414001339043491,0.000537369273370132,0.933521311963675,0.832723348889034,0.144870004112832
"871",0.986732837414369,0.00393782047089189,0.490993113298668,0.055207025276497,0.399706740131136
"872",0.420445749832084,0.649373173243133,0.349970652563497,0.78549130187789,0.652963906509569
"873",0.475622662423877,0.338084634485887,0.547158330639824,0.743574017588748,0.940482731188647
"874",0.997130334071349,0.0424725557398051,0.978544734563213,0.923823375225533,0.00241429954301566
"875",0.544790321545908,0.20959897058201,0.97196612476185,0.949656334052095,0.927182172466768
"876",0.81522278430732,0.0186531903347932,0.993386066684965,0.432850617551943,0.404323117549298
"877",0.0821549316148739,0.967033034210093,0.373046244240832,0.500333758879453,0.990207555565052
"878",0.471885620216606,0.964495320335496,0.842759078513365,0.388336678209947,0.803323214035481
"879",0.552389354363782,0.937346346204402,0.865067744463682,0.0231916600419208,0.0254016330414452
"880",0.212707242768724,0.110712325019762,0.94402933321544,0.913412577436771,0.497545697060181
"881",0.141766196248587,0.197400948829018,0.289194866638631,0.0181149453178514,0.315912261224352
"882",0.479730162823107,0.281829354667338,0.28559402156272,0.57672803733917,0.585753280356061
"883",0.697489305781899,0.986267459952738,0.0710590273898561,0.721641685585724,0.459372727507027
"884",0.99070557060861,0.578862473356538,0.536231749148574,0.920891377536347,0.575671135389712
"885",0.0078110130277928,0.466359665813623,0.0224708709472325,0.600423601040151,0.470008796822978
"886",0.446754187105689,0.100006370482035,0.230352763451636,0.0519621708560735,0.983070081561338
"887",0.908478384465678,0.793751305537066,0.437403284331318,0.176090459393105,0.312983207876096
"888",0.00903979639476165,0.0401333641463425,0.76446085503418,0.0833414773398545,0.697905198810855
"889",0.704145172552206,0.497788563885493,0.549457853265805,0.417694858425297,0.329783883285942
"890",0.723254708014429,0.869516061065951,0.647266385181341,0.589481810420286,0.00429430918558501
"891",0.235482914391207,0.400128189266194,0.697575170350261,0.451436288467841,0.76650583974272
"892",0.792245685803238,0.428326441386249,0.0827199554049876,0.082515516116051,0.560594279101351
"893",0.881561619923916,0.984340697973967,0.0267259653778747,0.522972588505829,0.821385188607965
"894",0.656242689087056,0.270857183068991,0.408355399684515,0.989851095011458,0.632870791045483
"895",0.482640615309589,0.0258895094974432,0.483922029620968,0.00199051358597353,0.65795089588617
"896",0.442524929680396,0.933455852736486,0.0737023379718885,0.361663492518244,0.863286281775217
"897",0.640956441406859,0.571519271112513,0.917726436442463,0.986110453764908,0.71146559371776
"898",0.884607011330314,0.639237658972852,0.968913276095642,0.547942170044407,0.0305703095200006
"899",0.534461626088945,0.943166420166148,0.00705115855368786,0.514340179000283,0.0949717839220539
"900",0.258008206539322,0.501317230634391,0.448040323816007,0.470407620978542,0.145877872560173
"901",0.466806998748099,0.961813584310701,0.516979213224957,0.706394388108049,0.950436641739449
"902",0.693670127392281,0.0234781984530855,0.160315903918585,0.591408793026581,0.0367622008773033
"903",0.157471881278092,0.0148326523622964,0.837917630517622,0.549085730138468,0.28775267203548
"904",0.38985824902216,0.00810893223248422,0.995834626151016,0.155568540449487,0.00824576754146255
"905",0.0862799775642343,0.9785937653617,0.0767614625475835,0.513726185644045,0.597530629414599
"906",0.983364648992196,0.940448207439156,0.983855666607153,0.418529297433328,0.538309888347518
"907",0.113813289674465,0.857240469550481,0.958736559184268,0.121684822107432,0.0177235498712398
"908",0.857438848584658,0.555485507356236,0.894613625793718,0.00029647819022648,0.384602364662103
"909",0.939503628617851,0.133002296625637,0.487094667620957,0.0407026515230536,0.842080623192713
"910",0.869281025366392,0.648994845882524,0.00289771820325404,0.997544349567499,0.449401150162565
"911",0.0157233176217414,0.565484372136649,0.388932839160785,0.988901890311157,0.341836105061928
"912",0.432797782845329,0.517364762363024,0.175082274977118,0.985571589115076,0.974646140687168
"913",0.960300384432543,0.61435584361339,0.496090918964474,0.00655733345868066,0.923169223415433
"914",0.675640589251416,0.0559045079811476,0.819016330372542,0.593412934991997,0.996815565703204
"915",0.24090844705631,0.636321706754854,0.964804867132101,0.738101475633215,0.589787995967315
"916",0.41975909371092,0.620444136552745,0.976339954339433,0.148676671413705,0.649610985264415
"917",0.700054626787081,0.0829913287500385,0.737910605083685,0.812462947099237,0.430307580571854
"918",0.628680791101651,0.883650754243601,0.477780805131421,0.966365148908692,0.440861475717509
"919",0.516409696965478,0.142337682240875,0.529250555773266,0.0536908190641552,0.00626794611755759
"920",0.451265786136733,0.863568842197536,0.119642710502725,0.0648729064406361,0.415324713720009
"921",0.245303239600034,0.81913007443049,0.459757895858726,0.34671691884147,0.57798639972182
"922",0.122960563728586,0.180189882030012,0.401333833977347,0.38245390868024,0.993377606139285
"923",0.580018489673035,0.487327680813847,0.0772839421548415,0.0596206797100604,0.00391022235667333
"924",0.879846380880801,0.00225315566849895,0.50481464959681,0.448533950239187,0.253953577055829
"925",0.581644715421367,0.043580729723908,0.0417162425713614,0.131068899745587,0.441531198476441
"926",0.953849134227959,0.422092364230892,0.0568796658734791,0.511214555778075,0.0665032577612437
"927",0.335383703816682,0.0509507121038623,0.060653852239484,0.718385677019367,0.277683258799836
"928",0.584467510340502,0.172373488183133,0.000946976128732786,0.510031293795211,0.922048740972765
"929",0.0830548657043837,0.987809315834194,0.708850694144145,0.478418366480619,0.236743778018747
"930",0.496754627465969,0.969478752923897,0.988333356006769,0.955027039963752,0.28983035160508
"931",0.415920687444508,0.888417965461733,0.622860959657701,0.0110356072639115,0.949206445259275
"932",0.425168512576493,0.561699368834496,0.99962940738257,0.781083689173684,0.0611092474290635
"933",0.487906545239966,0.158536575289909,0.769619626609376,0.195394845970673,0.400403332518414
"934",0.896675893282983,0.0275682069249451,0.270308450942859,0.849235797437839,0.938929159774911
"935",0.168483807663899,0.445814620701363,0.465756329125725,0.0684118075158913,0.742744032641407
"936",0.517267409271793,0.965981469031423,0.0175416341349483,0.829472306575859,0.929240062541328
"937",0.894194836149691,0.424991378922714,0.966594348029233,0.950368221363286,0.228172817167128
"938",0.565402925584465,0.654090365195414,0.00466289580822922,0.0125485794127453,0.912991354599828
"939",0.0163438942355569,0.449927188382251,0.00950986377289519,0.416083090370754,0.89457841395773
"940",0.642583143028896,0.988284276637016,0.611469528252259,0.0284066566166002,0.505773654761258
"941",0.576588481707498,0.266566252705641,0.700197736300528,0.0930228735955898,0.984926599611063
"942",0.999761668478837,0.471255224114982,0.331851413550321,0.380438899697736,0.715901150220307
"943",0.0476282603349537,0.583987268409459,0.0256144932275638,0.1391195359556,0.439910213697003
"944",0.988307852635393,0.980866376775084,0.3990005667347,0.525832223198609,0.496793888922082
"945",0.568420592462644,0.558552218144992,0.938377944180742,0.5316290488292,0.965483802167233
"946",0.592986304694787,0.417066188536584,0.114855349936523,0.984815739389975,0.02269005128555
"947",0.133305172569351,0.58200994683546,0.545499945237068,0.855449154995149,0.878233776583802
"948",0.345852519693086,0.0687402847707272,0.474750813888153,0.546194612377323,0.0620297769200988
"949",0.888439755911939,0.485888313488103,0.0427150445119478,0.745410565986298,0.959373217419488
"950",0.0357955960738473,0.534110792741179,0.447268900341121,0.0205636405688711,0.084339734653011
"951",0.853460002453066,0.960491357231513,0.729101417616243,0.622398948092014,0.886507124558324
"952",0.405451025478775,0.00152842837269418,0.65618159896112,0.995833558384096,0.753347080921289
"953",0.30100875893468,0.907336639744928,0.594084522629157,0.868807635277277,0.0313716324886773
"954",0.543965101064183,0.950967331555439,0.468638736759312,0.250006954291835,0.0158697428226005
"955",0.978689640329452,0.241351884807227,0.765012472518487,0.0484316485484596,0.0112798827332444
"956",0.460308927440317,0.495844551533228,0.864639328668825,0.0414336813041009,0.0448620980933774
"957",0.952081518756924,0.475628310299944,0.862954148065066,0.442747483969433,0.567889973677229
"958",0.262772568355082,0.396469965559663,0.0686074337665923,0.948932081484236,0.55314311276935
"959",0.34424048769637,0.103969618674368,0.992427878048969,0.548825442421483,0.702266715790145
"960",0.0371029218882322,0.166365302035119,0.365911929997848,0.5831929907999,0.524900830190629
"961",0.00356739998469129,0.249958267788403,0.945476372198667,0.944805946412962,0.0808543295755517
"962",0.214241866305005,0.998873082623119,0.419878900726326,0.828738191801123,0.559497727169888
"963",0.63589732580632,0.00603474194742739,0.486994333592709,0.430595627372153,0.720099108898314
"964",0.745258302650182,0.00486249117343687,0.436991800911026,0.97443321636389,0.0140923810652457
"965",0.920824205194833,0.398537140140776,0.620501034593675,0.786057943900814,0.952822115624789
"966",0.546521925828652,0.563098848148948,0.0970760098421015,0.49372076008888,0.373517818002729
"967",0.976078445844818,0.531740097484318,0.540017532970989,0.675852267230861,0.0992574484464712
"968",0.548979837223655,0.800093393629883,0.854538172487868,0.492313369540963,0.361956794349942
"969",0.031997622622177,0.945756926496746,0.803040574809071,0.53051508173137,0.86773027097946
"970",0.017740678899223,0.482563900736161,0.897597760534147,0.431146282966016,0.298533875138266
"971",0.606864495623624,0.502112307913601,0.423090190237155,0.00286444686120376,0.387854567851638
"972",0.463129102595849,0.477463378521381,0.653382611192996,0.981594577420037,0.383744916605297
"973",0.137886471402366,0.962811803736025,0.166653156853281,0.013666296190815,0.823331751022022
"974",0.22906004403648,0.20469388799672,0.0347105602140073,0.292211653965758,0.0740169122337829
"975",0.994431946764467,0.971132051100954,0.221134715855587,0.0430499037073459,0.751778340736404
"976",0.056505220829742,0.354911061638268,0.92800487277424,0.0570115809799172,0.941761998742586
"977",0.0517388951820321,0.802533335735789,0.0877723509296775,0.754099644706585,0.0857113746546675
"978",0.876762752580922,0.763790942575317,0.956452568584587,0.141576895698439,0.928734508654335
"979",0.146576874537393,0.0976611612434499,0.0655019800127484,0.120892131635454,0.733627413844923
"980",0.478286441106815,0.899207233944675,0.926005134212552,0.991099603077397,0.997821869023144
"981",0.962484609288629,0.914968669328839,0.220220692483708,0.967574657170568,0.811935679485789
"982",0.0191313312319107,0.772701615376165,0.0246953694401309,0.856890525947325,0.958293248848291
"983",0.926079293106683,0.134676276807906,0.0210633691598196,0.0245940778283402,0.895995654722909
"984",0.971122622409835,0.926641647325363,0.0524881806094199,0.188596395366592,0.0924790865764953
"985",0.645034191618673,0.181764509647619,0.982364663031884,0.533935475893784,0.065097911026096
"986",0.946537850583205,0.200972224507015,0.132079001086764,0.823332687170012,0.476589101563673
"987",0.968639792128466,0.912898058494553,0.889016704907408,0.922391428834526,0.424008069822332
"988",0.1723789503281,0.999242776003666,0.881508527096361,0.0260803170907311,0.460760150854243
"989",0.183265340749407,0.0248969103265554,0.124166816945421,0.930878946912475,0.978115023804829
"990",0.041491808575578,0.262809401007835,0.959165303171379,0.945431799674407,0.985037652860628
"991",0.925382642171811,0.0510290391482413,0.951085750118597,0.0889144705722574,0.72330804388714
"992",0.06490822067298,0.0110300997488666,0.674084374392172,0.00736987584456801,0.244630691332975
"993",0.00186996347247623,0.977620990172727,0.986770151857054,0.926862997984281,0.379904695617734
"994",0.935385322802234,0.0857952348855324,0.143163317821221,0.0726381533197127,0.0957491866757628
"995",0.139365165486,0.993218593470519,0.0913401458929293,0.0638162557785399,0.0766348637805786
"996",0.913500810909318,0.0215150467928033,0.994194139200961,0.971857710927026,0.709192037366098
"997",0.755394854725106,0.932442590789637,0.140499561637873,0.982367242472712,0.0779532425496727
"998",0.9506642316496,0.910116845378187,0.8922459803042,0.178546714667231,0.0278429818621371
"999",0.01145245598373,0.131249507454457,0.341428491831291,0.975258010619553,0.019016243874561
"1000",0.520047361878445,0.592180131876376,0.3821873146086,0.420106803348986,0.918468552517937
