pk	evidence	params
150	[-4370. -4370. -4370. -4370. -4370.]	[0.48  5.    5.    2.272 3.683 0.529 2.738 4.912]
50	[-4318. -4318. -4318. -4318. -4318.]	[2.883 5.    5.    3.371 3.499 0.29  4.357 4.646]
100	[-4447. -4447. -4447. -4447. -4447.]	[1.445 5.    5.    3.891 3.713 0.68  3.158 4.916]
0	[-4344. -4344. -4344. -4344. -4344.]	[2.372 5.    5.    3.363 3.423 0.315 4.205 4.68 ]
175	[-4331. -4331. -4331. -4331. -4331.]	[0.    5.    5.    2.107 3.527 0.262 2.697 5.   ]
25	[-4325. -4325. -4325. -4325. -4325.]	[2.752 5.    5.    3.355 3.495 0.303 4.277 4.656]
125	[-4402. -4402. -4402. -4402. -4402.]	[1.104 5.    5.    3.158 3.778 0.6   2.869 4.848]
75	[-4330. -4330. -4330. -4330. -4330.]	[2.941 5.    5.    3.446 3.526 0.334 4.351 4.69 ]
151	[-4370.  1022. -4370. -4370. -4370.]	[0.542 5.    5.    2.275 3.683 0.537 2.769 4.905]
101	[-4440.  1022. -4440. -4440. -4440.]	[1.536 5.    5.    3.846 3.739 0.651 3.155 4.899]
1	[-4339.  1023. -4339. -4339. -4339.]	[2.461 5.    5.    3.356 3.441 0.313 4.212 4.677]
76	[-4329.  1023. -4329. -4329. -4329.]	[2.946 5.    5.    3.442 3.525 0.331 4.358 4.687]
51	[-4316.  1023. -4316. -4316. -4316.]	[2.88  5.    5.    3.36  3.493 0.279 4.367 4.637]
126	[-4398.  1022. -4398. -4398. -4398.]	[1.172 5.    5.    3.117 3.758 0.575 2.939 4.833]
26	[-4319.  1023. -4319. -4319. -4319.]	[2.775 5.    5.    3.334 3.489 0.284 4.304 4.64 ]
176	[-4332.  1022. -4332. -4332. -4332.]	[0.    5.    5.    2.105 3.524 0.266 2.702 5.   ]
102	[-4431. -4431. -4431. -4431. -4431.]	[1.598 5.    5.    3.776 3.742 0.611 3.175 4.884]
152	[-4371. -4371. -4371. -4371. -4371.]	[0.592 5.    5.    2.278 3.682 0.543 2.797 4.899]
77	[-4328. -4328. -4328. -4328. -4328.]	[2.95  5.    5.    3.438 3.523 0.328 4.364 4.684]
27	[-4314. -4314. -4314. -4314. -4314.]	[2.787 5.    5.    3.315 3.482 0.267 4.325 4.623]
2	[-4333. -4333. -4333. -4333. -4333.]	[2.551 5.    5.    3.345 3.456 0.307 4.231 4.668]
127	[-4395. -4395. -4395. -4395. -4395.]	[1.239 5.    5.    3.093 3.74  0.558 3.004 4.825]
52	[-4314. -4314. -4314. -4314. -4314.]	[2.883 5.    5.    3.351 3.489 0.272 4.378 4.631]
177	[-4333. -4333. -4333. -4333. -4333.]	[0.    5.    5.    2.104 3.522 0.269 2.706 5.   ]
153	[-4371. -4371. -4371. -4371. -4371.]	[0.634 5.    5.    2.281 3.681 0.547 2.821 4.895]
28	[-4310. -4310. -4310. -4310. -4310.]	[2.8   5.    5.    3.299 3.475 0.253 4.346 4.611]
103	[-4422. -4422. -4422. -4422. -4422.]	[1.666 5.    5.    3.702 3.733 0.574 3.22  4.87 ]
78	[-4327. -4327. -4327. -4327. -4327.]	[2.95  5.    5.    3.435 3.521 0.325 4.368 4.681]
3	[-4327. -4327. -4327. -4327. -4327.]	[2.618 5.    5.    3.328 3.467 0.293 4.249 4.654]
128	[-4393. -4393. -4393. -4393. -4393.]	[1.302 5.    5.    3.076 3.724 0.546 3.063 4.819]
178	[-4334. -4334. -4334. -4334. -4334.]	[0.    5.    5.    2.103 3.519 0.272 2.71  5.   ]
53	[-4312. -4312. -4312. -4312. -4312.]	[2.882 5.    5.    3.343 3.485 0.265 4.385 4.625]
104	[-4414. -4414. -4414. -4414.  1022.]	[1.75  5.    5.    3.639 3.72  0.548 3.283 4.858]
29	[-4307. -4307. -4307. -4307.  1023.]	[2.814 5.    5.    3.286 3.47  0.243 4.364 4.601]
79	[-4326. -4326. -4326. -4326.  1023.]	[2.95  5.    5.    3.432 3.519 0.322 4.372 4.679]
4	[-4320. -4320. -4320. -4320.  1023.]	[2.662 5.    5.    3.306 3.47  0.275 4.269 4.635]
154	[-4371. -4371. -4371. -4371.  1022.]	[0.667 5.    5.    2.284 3.679 0.55  2.841 4.891]
129	[-4391. -4391. -4391. -4391.  1022.]	[1.357 5.    5.    3.063 3.711 0.537 3.114 4.815]
179	[-4335. -4335. -4335. -4335.  1022.]	[0.    5.    5.    2.102 3.517 0.275 2.713 5.   ]
54	[-4310. -4310. -4310. -4310.  1023.]	[2.883 5.    5.    3.337 3.482 0.26  4.392 4.62 ]
105	[-4407. -4407. -4407. -4407. -4407.]	[1.838 5.    5.    3.589 3.706 0.528 3.354 4.844]
30	[-4304. -4304. -4304. -4304. -4304.]	[2.827 5.    5.    3.277 3.466 0.234 4.38  4.594]
180	[-4204. -4204. -4204. -4204. -4204.]	[ 0.83   4.891  5.     2.427  3.533 -0.106  3.023  4.43 ]
5	[-4314. -4314. -4314. -4314. -4314.]	[2.694 5.    5.    3.284 3.468 0.257 4.292 4.617]
80	[-4425. -4425. -4425. -4425. -4425.]	[1.751 5.    5.    3.773 3.542 0.516 3.606 4.906]
130	[-4389. -4389. -4389. -4389. -4389.]	[1.403 5.    5.    3.054 3.699 0.531 3.159 4.812]
155	[-4371. -4371. -4371. -4371. -4371.]	[0.695 5.    5.    2.287 3.676 0.551 2.859 4.887]
106	[-4401. -4401. -4401. -4401. -4401.]	[1.918 5.    5.    3.55  3.691 0.513 3.426 4.832]
55	[-4309. -4309. -4309. -4309. -4309.]	[2.884 5.    5.    3.331 3.479 0.255 4.397 4.617]
31	[-4301. -4301. -4301. -4301. -4301.]	[2.84  5.    5.    3.269 3.463 0.228 4.393 4.588]
6	[-4309. -4309. -4309. -4309. -4309.]	[2.725 5.    5.    3.265 3.464 0.242 4.317 4.602]
181	[-4208. -4208. -4208. -4208. -4208.]	[ 0.975  4.972  5.     2.44   3.596 -0.081  3.019  4.5  ]
81	[-4418. -4418. -4418. -4418. -4418.]	[1.863 5.    5.    3.735 3.58  0.51  3.594 4.892]
156	[-4371. -4371. -4371. -4371. -4371.]	[0.718 5.    5.    2.289 3.674 0.552 2.874 4.884]
131	[-4387. -4387. -4387. -4387. -4387.]	[1.442 5.    5.    3.046 3.69  0.526 3.197 4.81 ]
107	[-4396. -4396.  1023. -4396. -4396.]	[1.985 5.    5.    3.519 3.676 0.5   3.494 4.82 ]
32	[-4299. -4299.  1023. -4299. -4299.]	[2.85  5.    5.    3.263 3.461 0.223 4.404 4.582]
56	[-4308. -4308. -4308. -4308. -4308.]	[2.885 5.    5.    3.327 3.477 0.252 4.401 4.614]
182	[-4214. -4214.  1022. -4214. -4214.]	[ 0.893  5.     5.     2.429  3.609 -0.075  2.958  4.499]
7	[-4304. -4304.  1023. -4304. -4304.]	[2.757 5.    5.    3.25  3.461 0.23  4.343 4.589]
82	[-4410. -4410.  1022. -4410. -4410.]	[1.977 5.    5.    3.693 3.607 0.498 3.609 4.872]
108	[-4392.  1023.  1023. -4392. -4392.]	[2.043 5.    5.    3.496 3.663 0.489 3.554 4.81 ]
157	[-4372. -4372.  1022. -4372. -4372.]	[0.74  5.    5.    2.293 3.672 0.553 2.888 4.884]
132	[-4386. -4386.  1022. -4386. -4386.]	[1.473 5.    5.    3.04  3.682 0.521 3.228 4.807]
33	[-4297.  1023.  1023. -4297. -4297.]	[2.859 5.    5.    3.257 3.46  0.219 4.412 4.578]
183	[-4219.  1022.  1022. -4219. -4219.]	[ 0.754  5.     5.     2.402  3.591 -0.079  2.9    4.521]
83	[-4401.  1023.  1023. -4401. -4401.]	[2.087 5.    5.    3.656 3.62  0.482 3.649 4.849]
158	[-4372.  1022.  1022. -4372. -4372.]	[0.758 5.    5.    2.295 3.671 0.554 2.9   4.88 ]
8	[-4300.  1023.  1023. -4300. -4300.]	[2.784 5.    5.    3.239 3.457 0.221 4.366 4.579]
57	[-4307. -4307.  1023. -4307. -4307.]	[2.887 5.    5.    3.324 3.476 0.249 4.404 4.611]
133	[-4385.  1022.  1022. -4385. -4385.]	[1.501 5.    5.    3.035 3.674 0.518 3.257 4.806]
109	[-4389. -4389. -4389. -4389. -4389.]	[2.081 5.    5.    3.475 3.649 0.479 3.606 4.8  ]
184	[-4222. -4222. -4222. -4222. -4222.]	[ 0.597  5.     5.     2.36   3.564 -0.082  2.851  4.522]
34	[-4296. -4296. -4296. -4296. -4296.]	[2.867 5.    5.    3.253 3.459 0.215 4.42  4.575]
58	[-4307.  1023.  1023. -4307. -4307.]	[2.887 5.    5.    3.319 3.475 0.246 4.409 4.609]
84	[-4393. -4393. -4393. -4393. -4393.]	[2.186 5.    5.    3.622 3.621 0.464 3.705 4.826]
9	[-4297. -4297. -4297. -4297. -4297.]	[2.808 5.    5.    3.23  3.455 0.213 4.386 4.571]
159	[-4372. -4372. -4372. -4372. -4372.]	[0.773 5.    5.    2.298 3.669 0.554 2.91  4.879]
110	[-4386. -4386. -4386. -4386.  1023.]	[2.116 5.    5.    3.46  3.638 0.47  3.649 4.791]
134	[-4384. -4384. -4384. -4384. -4384.]	[1.524 5.    5.    3.03  3.668 0.515 3.28  4.805]
10	[-4294. -4294. -4294. -4294.  1023.]	[2.828 5.    5.    3.223 3.453 0.207 4.402 4.564]
185	[-4228. -4228. -4228. -4228.  1022.]	[ 0.468  5.     5.     2.331  3.553 -0.082  2.804  4.556]
35	[-4295. -4295. -4295. -4295.  1023.]	[2.874 5.    5.    3.25  3.458 0.213 4.426 4.572]
85	[-4386. -4386. -4386. -4386.  1023.]	[2.273 5.    5.    3.594 3.616 0.447 3.769 4.804]
59	[-4306. -4306. -4306. -4306. -4306.]	[2.888 5.    5.    3.316 3.473 0.244 4.411 4.607]
160	[-4288. -4288. -4288. -4288.  1022.]	[0.    5.    5.    2.271 3.469 0.021 2.731 4.868]
135	[-4383. -4383. -4383. -4383.  1022.]	[1.542 5.    5.    3.026 3.663 0.512 3.3   4.803]
111	[-4384. -4384. -4384. -4384. -4384.]	[2.143 5.    5.    3.448 3.628 0.462 3.686 4.784]
11	[-4291. -4291. -4291. -4291. -4291.]	[2.846 5.    5.    3.218 3.452 0.203 4.415 4.559]
186	[-4234. -4234. -4234. -4234. -4234.]	[ 0.243  5.     5.     2.274  3.511 -0.088  2.743  4.517]
60	[-4396. -4396. -4396. -4396.  1022.]	[1.998 5.    5.    3.617 3.459 0.427 3.899 4.821]
36	[-4294. -4294. -4294. -4294. -4294.]	[2.879 5.    5.    3.247 3.458 0.21  4.431 4.569]
86	[-4380. -4380. -4380. -4380. -4380.]	[2.353 5.    5.    3.572 3.608 0.433 3.835 4.787]
161	[-4290. -4290. -4290. -4290. -4290.]	[0.    5.    5.    2.261 3.496 0.036 2.686 4.908]
136	[-4383. -4383. -4383. -4383. -4383.]	[1.558 5.    5.    3.023 3.658 0.51  3.317 4.802]
112	[-4382. -4382. -4382. -4382. -4382.]	[2.166 5.    5.    3.438 3.62  0.456 3.716 4.777]
187	[-4239. -4239. -4239. -4239. -4239.]	[ 0.137  5.     5.     2.25   3.486 -0.087  2.719  4.533]
61	[-4390. -4390. -4390. -4390. -4390.]	[2.105 5.    5.    3.595 3.495 0.423 3.889 4.808]
87	[-4375. -4375. -4375. -4375. -4375.]	[2.424 5.    5.    3.555 3.6   0.422 3.896 4.775]
12	[-4289. -4289. -4289. -4289. -4289.]	[2.86  5.    5.    3.213 3.451 0.199 4.425 4.555]
37	[-4293. -4293. -4293. -4293. -4293.]	[2.883 5.    5.    3.244 3.457 0.208 4.435 4.567]
162	[-4293. -4293. -4293. -4293. -4293.]	[0.    5.    5.    2.254 3.524 0.053 2.649 4.95 ]
137	[-4382. -4382. -4382. -4382. -4382.]	[1.57  5.    5.    3.021 3.654 0.507 3.331 4.8  ]
113	[-4380. -4380. -4380. -4380. -4380.]	[2.184 5.    5.    3.429 3.614 0.451 3.741 4.772]
62	[-4383. -4383. -4383. -4383. -4383.]	[2.226 5.    5.    3.573 3.523 0.416 3.908 4.792]
188	[-4242. -4242. -4242. -4242. -4242.]	[ 0.044  5.     5.     2.226  3.461 -0.086  2.701  4.547]
13	[-4288. -4288. -4288. -4288. -4288.]	[2.87  5.    5.    3.209 3.452 0.195 4.434 4.55 ]
38	[-4292. -4292. -4292. -4292. -4292.]	[2.888 5.    5.    3.242 3.457 0.207 4.438 4.565]
88	[-4371. -4371. -4371. -4371. -4371.]	[2.486 5.    5.    3.541 3.592 0.414 3.95  4.766]
163	[-4297. -4297. -4297. -4297. -4297.]	[0.    5.    5.    2.243 3.534 0.07  2.631 5.   ]
138	[-4381. -4381. -4381. -4381. -4381.]	[1.581 5.    5.    3.017 3.649 0.505 3.345 4.799]
114	[-4379.  1023. -4379. -4379. -4379.]	[2.201 5.    5.    3.423 3.608 0.447 3.763 4.768]
63	[-4375. -4375. -4375. -4375. -4375.]	[2.348 5.    5.    3.551 3.543 0.407 3.945 4.777]
39	[-4291.  1023. -4291. -4291. -4291.]	[2.891 5.    5.    3.24  3.456 0.205 4.441 4.564]
14	[-4286.  1023. -4286. -4286. -4286.]	[2.881 5.    5.    3.206 3.451 0.193 4.441 4.547]
189	[-4246.  1022. -4246. -4246. -4246.]	[ 0.     5.     5.     2.21   3.449 -0.081  2.699  4.569]
89	[-4367.  1023. -4367. -4367. -4367.]	[2.538 5.    5.    3.531 3.585 0.407 3.998 4.76 ]
164	[-4300.  1022. -4300. -4300. -4300.]	[0.    5.    5.    2.225 3.541 0.09  2.627 5.   ]
139	[-4381.  1023. -4381. -4381. -4381.]	[1.591 5.    5.    3.015 3.647 0.504 3.355 4.799]
64	[-4368.  1023. -4368. -4368. -4368.]	[2.464 5.    5.    3.532 3.553 0.398 3.997 4.763]
115	[ 1023. -4377. -4377. -4377. -4377.]	[2.215 5.    5.    3.417 3.604 0.443 3.781 4.765]
15	[ 1023. -4285. -4285. -4285. -4285.]	[2.889 5.    5.    3.204 3.451 0.19  4.447 4.544]
190	[ 1022. -4249. -4249. -4249. -4249.]	[ 0.     5.     5.     2.204  3.446 -0.074  2.707  4.602]
40	[ 1022. -4373. -4373. -4373. -4373.]	[2.189 5.    5.    3.501 3.432 0.375 4.068 4.749]
90	[ 1023. -4364. -4364. -4364. -4364.]	[2.582 5.    5.    3.523 3.579 0.402 4.036 4.755]
165	[ 1022. -4305. -4305. -4305. -4305.]	[0.    5.    5.    2.21  3.549 0.112 2.624 5.   ]
140	[ 1022. -4361. -4361. -4361. -4361.]	[0.    5.    5.    2.375 3.6   0.317 2.658 5.   ]
116	[-4376. -4376.  1023. -4376. -4376.]	[2.225 5.    5.    3.412 3.599 0.44  3.796 4.762]
65	[ 1023. -4361. -4361. -4361. -4361.]	[2.569 5.    5.    3.517 3.557 0.39  4.055 4.751]
191	[-4252. -4252.  1022. -4252. -4252.]	[ 0.     5.     5.     2.2    3.442 -0.067  2.715  4.626]
166	[-4309. -4309.  1022. -4309. -4309.]	[0.    5.    5.    2.187 3.554 0.14  2.628 5.   ]
41	[-4367. -4367.  1023. -4367. -4367.]	[2.3   5.    5.    3.489 3.464 0.374 4.067 4.745]
91	[-4362. -4362.  1023. -4362. -4362.]	[2.618 5.    5.    3.516 3.574 0.398 4.069 4.751]
16	[-4284. -4284. -4284. -4284. -4284.]	[2.895 5.    5.    3.201 3.451 0.188 4.451 4.542]
141	[-4360. -4360.  1022. -4360. -4360.]	[0.    5.    5.    2.366 3.629 0.329 2.608 5.   ]
117	[-4375. -4375.  1023. -4375.  1023.]	[2.236 5.    5.    3.407 3.596 0.437 3.809 4.759]
192	[-4254. -4254.  1022. -4254.  1022.]	[ 0.     5.     5.     2.195  3.438 -0.061  2.722  4.65 ]
66	[-4355. -4355.  1023. -4355. -4355.]	[2.659 5.    5.    3.504 3.557 0.382 4.112 4.742]
92	[-4360. -4360.  1023. -4360.  1023.]	[2.648 5.    5.    3.511 3.57  0.395 4.096 4.747]
167	[-4313. -4313.  1022. -4313.  1022.]	[0.    5.    5.    2.168 3.553 0.169 2.634 5.   ]
42	[-4361. -4361.  1023. -4361.  1023.]	[2.426 5.    5.    3.477 3.489 0.372 4.092 4.739]
17	[-4283. -4283.  1023. -4283.  1023.]	[2.901 5.    5.    3.199 3.452 0.187 4.455 4.54 ]
142	[-4361. -4361.  1022. -4361.  1022.]	[0.    5.    5.    2.355 3.652 0.344 2.57  5.   ]
118	[ 1023. -4375. -4375. -4375. -4375.]	[2.243 5.    5.    3.403 3.593 0.435 3.821 4.757]
193	[ 1022. -4256. -4256. -4256. -4256.]	[ 0.     5.     5.     2.192  3.434 -0.056  2.729  4.671]
67	[-4350. -4350.  1023. -4350.  1023.]	[2.735 5.    5.    3.494 3.554 0.376 4.164 4.733]
168	[ 1022. -4316. -4316. -4316. -4316.]	[0.    5.    5.    2.152 3.551 0.194 2.643 5.   ]
43	[ 1023. -4354. -4354. -4354. -4354.]	[2.547 5.    5.    3.463 3.509 0.367 4.127 4.729]
93	[ 1023. -4358. -4358. -4358. -4358.]	[2.671 5.    5.    3.506 3.566 0.392 4.118 4.745]
18	[ 1023. -4282. -4282. -4282. -4282.]	[2.904 5.    5.    3.198 3.451 0.185 4.457 4.538]
143	[ 1022. -4362. -4362. -4362. -4362.]	[0.    5.    5.    2.336 3.662 0.361 2.549 5.   ]
119	[-4374. -4374.  1023. -4374. -4374.]	[2.251 5.    5.    3.4   3.59  0.433 3.831 4.754]
194	[-4258. -4258.  1022. -4258. -4258.]	[ 0.     5.     5.     2.19   3.43  -0.051  2.735  4.688]
169	[-4320. -4320.  1022. -4320. -4320.]	[0.    5.    5.    2.139 3.55  0.212 2.652 5.   ]
68	[ 1023. -4346. -4346. -4346. -4346.]	[2.792 5.    5.    3.485 3.55  0.369 4.209 4.726]
44	[-4347. -4347.  1023. -4347. -4347.]	[2.654 5.    5.    3.449 3.521 0.36  4.17  4.717]
19	[-4282. -4282.  1023. -4282. -4282.]	[2.908 5.    5.    3.196 3.451 0.184 4.46  4.537]
144	[-4363. -4363.  1022. -4363. -4363.]	[0.    5.    5.    2.309 3.662 0.385 2.541 5.   ]
94	[-4357. -4357.  1023. -4357. -4357.]	[2.693 5.    5.    3.502 3.564 0.39  4.136 4.742]
120	[-4429. -4429. -4429. -4429. -4429.]	[0.275 4.976 5.    3.288 3.647 0.649 2.641 4.95 ]
69	[-4342. -4342.  1023. -4342. -4342.]	[2.837 5.    5.    3.477 3.546 0.363 4.245 4.719]
195	[-4260. -4260. -4260. -4260. -4260.]	[ 0.     5.     5.     2.189  3.427 -0.047  2.74   4.703]
170	[-4322. -4322. -4322. -4322. -4322.]	[0.    5.    5.    2.13  3.546 0.226 2.661 5.   ]
45	[-4340. -4340. -4340. -4340. -4340.]	[2.742 5.    5.    3.436 3.525 0.351 4.216 4.705]
20	[-4356. -4356. -4356. -4356. -4356.]	[2.32  5.    5.    3.421 3.427 0.343 4.162 4.709]
95	[-4355. -4355. -4355. -4355. -4355.]	[2.709 5.    5.    3.498 3.562 0.388 4.152 4.74 ]
145	[-4364. -4364. -4364. -4364. -4364.]	[0.    5.    5.    2.284 3.653 0.41  2.541 5.   ]
121	[-4424. -4424. -4424. -4424. -4424.]	[0.525 5.    5.    3.298 3.721 0.661 2.658 4.938]
70	[-4339. -4339. -4339. -4339. -4339.]	[2.871 5.    5.    3.471 3.542 0.357 4.275 4.713]
196	[-4261. -4261. -4261. -4261. -4261.]	[ 0.     5.     5.     2.188  3.424 -0.043  2.744  4.715]
171	[-4325. -4325. -4325. -4325. -4325.]	[0.    5.    5.    2.123 3.542 0.236 2.67  5.   ]
46	[-4334. -4334. -4334. -4334. -4334.]	[2.807 5.    5.    3.423 3.524 0.34  4.259 4.692]
96	[-4354. -4354. -4354. -4354. -4354.]	[2.722 5.    5.    3.495 3.56  0.386 4.164 4.738]
21	[-4351. -4351. -4351. -4351. -4351.]	[2.424 5.    5.    3.414 3.451 0.343 4.167 4.707]
146	[-4365. -4365. -4365. -4365. -4365.]	[0.029 5.    5.    2.261 3.645 0.44  2.56  4.951]
122	[-4419. -4419. -4419. -4419. -4419.]	[0.725 5.    5.    3.289 3.767 0.659 2.688 4.913]
197	[-4263. -4263. -4263. -4263. -4263.]	[ 0.     5.     5.     2.188  3.422 -0.039  2.748  4.727]
71	[-4337. -4337. -4337. -4337. -4337.]	[2.896 5.    5.    3.465 3.538 0.352 4.298 4.707]
172	[-4327. -4327. -4327. -4327. -4327.]	[0.    5.    5.    2.117 3.538 0.245 2.678 5.   ]
47	[-4329. -4329. -4329. -4329. -4329.]	[2.848 5.    5.    3.41  3.519 0.328 4.294 4.679]
123	[ 1022. -4413. -4413. -4413. -4413.]	[0.896 5.    5.    3.261 3.79  0.648 2.737 4.888]
97	[-4353. -4353. -4353. -4353. -4353.]	[2.735 5.    5.    3.492 3.558 0.385 4.175 4.737]
22	[-4345. -4345. -4345. -4345. -4345.]	[2.535 5.    5.    3.404 3.472 0.34  4.19  4.701]
147	[-4367. -4367. -4367. -4367. -4367.]	[0.184 5.    5.    2.263 3.665 0.476 2.613 4.94 ]
198	[ 1022. -4264. -4264. -4264. -4264.]	[ 0.     5.     5.     2.188  3.419 -0.036  2.751  4.738]
173	[ 1022. -4328. -4328. -4328. -4328.]	[0.    5.    5.    2.113 3.534 0.251 2.685 5.   ]
72	[-4334. -4334. -4334. -4334. -4334.]	[2.914 5.    5.    3.459 3.535 0.347 4.316 4.702]
98	[ 1023. -4353. -4353. -4353. -4353.]	[2.745 5.    5.    3.49  3.556 0.383 4.184 4.735]
48	[ 1023. -4325. -4325. -4325. -4325.]	[2.87  5.    5.    3.397 3.513 0.314 4.321 4.667]
23	[ 1023. -4338. -4338. -4338. -4338.]	[2.635 5.    5.    3.39  3.488 0.333 4.219 4.689]
124	[-4407. -4407. -4407. -4407. -4407.]	[1.021 5.    5.    3.211 3.793 0.627 2.8   4.866]
148	[ 1022. -4368. -4368. -4368. -4368.]	[0.306 5.    5.    2.266 3.676 0.501 2.659 4.929]
73	[ 1023. -4333. -4333. -4333. -4333.]	[2.927 5.    5.    3.454 3.532 0.343 4.331 4.698]
174	[-4330. -4330. -4330. -4330. -4330.]	[0.    5.    5.    2.11  3.531 0.257 2.692 5.   ]
199	[-4265. -4265. -4265. -4265. -4265.]	[ 0.     5.     5.     2.189  3.418 -0.033  2.754  4.747]
49	[-4321. -4321. -4321. -4321. -4321.]	[2.878 5.    5.    3.383 3.506 0.301 4.341 4.655]
200	[-4096. -4096. -4096. -4096. -4096.]	[ 1.851  4.529  5.     2.59   3.647 -0.197  3.334  4.306]
24	[-4331. -4331. -4331. -4331. -4331.]	[2.71  5.    5.    3.375 3.496 0.32  4.249 4.674]
99	[-4352. -4352. -4352. -4352. -4352.]	[2.753 5.    5.    3.488 3.555 0.382 4.192 4.734]
149	[-4369. -4369. -4369. -4369. -4369.]	[0.403 5.    5.    2.269 3.681 0.518 2.701 4.92 ]
225	[-4012. -4012. -4012. -4012. -4012.]	[ 3.366  4.526  5.     2.929  3.925 -0.203  3.566  4.606]
74	[-4331. -4331. -4331. -4331. -4331.]	[2.935 5.    5.    3.45  3.529 0.338 4.342 4.693]
250	[-3797. -3797. -3797. -3797. -3797.]	[ 4.014  4.091  5.     3.288  3.906 -0.451  3.105  4.998]
275	[-3114. -3114. -3114. -3114. -3114.]	[ 4.119  3.494  5.     2.798  3.078 -0.808  2.503  4.205]
325	[-3120. -3120. -3120. -3120. -3120.]	[ 1.847  2.556  4.441  3.113  2.692 -0.661  1.839  2.919]
201	[-4105. -4105. -4105. -4105. -4105.]	[ 2.117  4.656  5.     2.623  3.74  -0.164  3.369  4.412]
300	[-2673. -2673. -2673. -2673. -2673.]	[ 2.139  2.557  4.653  2.301  2.467 -0.875  1.798  2.672]
350	[-2224. -2224. -2224. -2224. -2224.]	[ 1.405  3.305  4.295  2.864  2.092 -1.126  1.212  1.742]
375	[-2779. -2779. -2779. -2779. -2779.]	[ 1.788  3.009  4.561  2.835  2.478 -0.823  1.137  2.899]
226	[-4029. -4029. -4029. -4029. -4029.]	[ 3.23   4.56   5.     2.853  3.896 -0.204  3.53   4.593]
251	[-3801. -3801. -3801. -3801. -3801.]	[ 3.996  4.094  5.     3.303  3.913 -0.452  3.101  5.   ]
276	[-3114. -3114. -3114. -3114. -3114.]	[ 4.101  3.49   5.     2.793  3.075 -0.808  2.501  4.197]
202	[-4116. -4116. -4116. -4116. -4116.]	[ 2.091  4.705  5.     2.632  3.756 -0.149  3.329  4.386]
326	[-3259. -3259. -3259. -3259. -3259.]	[ 3.196  2.876  4.834  3.336  3.078 -0.555  1.95   3.669]
301	[-2673. -2673. -2673. -2673. -2673.]	[ 1.355  2.833  4.547  2.282  2.295 -0.997  1.569  2.55 ]
252	[ 1024. -3803. -3803. -3803. -3803.]	[ 3.991  4.1    5.     3.303  3.928 -0.45   3.099  5.   ]
227	[-4035. -4035. -4035. -4035. -4035.]	[ 3.157  4.55   5.     2.851  3.892 -0.209  3.5    4.625]
376	[-2769. -2769. -2769. -2769. -2769.]	[ 1.468  3.114  4.435  2.766  2.421 -0.866  1.102  2.811]
351	[-2239. -2239. -2239. -2239. -2239.]	[ 1.282  3.366  4.239  2.853  2.065 -1.148  1.206  1.718]
277	[ 1029. -3114. -3114. -3114. -3114.]	[ 4.08   3.488  5.     2.791  3.068 -0.81   2.496  4.192]
203	[-4124. -4124. -4124. -4124. -4124.]	[ 2.046  4.733  5.     2.626  3.755 -0.15   3.298  4.446]
327	[ 1028. -3285. -3285. -3285. -3285.]	[ 3.165  2.992  4.833  3.343  3.166 -0.549  1.894  3.688]
228	[-4037. -4037. -4037. -4037. -4037.]	[ 3.159  4.581  5.     2.856  3.889 -0.209  3.504  4.654]
302	[ 1034. -2699. -2699. -2699. -2699.]	[ 1.169  3.288  4.359  2.249  2.274 -1.087  1.557  2.57 ]
253	[-3805. -3805. -3805. -3805. -3805.]	[ 3.986  4.094  5.     3.311  3.937 -0.448  3.096  5.   ]
377	[ 1030. -2774. -2774. -2774. -2774.]	[ 1.47   3.101  4.436  2.79   2.415 -0.868  1.112  2.799]
352	[ 1042. -2255. -2255. -2255. -2255.]	[ 1.256  3.421  4.255  2.891  2.07  -1.17   1.213  1.709]
278	[-3114. -3114. -3114. -3114. -3114.]	[ 4.059  3.488  5.     2.792  3.064 -0.811  2.487  4.188]
204	[-4125. -4125. -4125. -4125. -4125.]	[ 1.958  4.736  5.     2.595  3.746 -0.15   3.267  4.447]
328	[-3297. -3297. -3297. -3297. -3297.]	[ 3.089  3.572  4.945  3.409  2.945 -0.534  1.684  3.586]
229	[-4040. -4040. -4040. -4040. -4040.]	[ 3.135  4.592  5.     2.854  3.886 -0.209  3.506  4.666]
303	[-2733. -2733. -2733. -2733. -2733.]	[ 1.404  3.457  4.413  2.246  2.346 -1.082  1.628  2.627]
254	[-3807. -3807. -3807. -3807. -3807.]	[ 3.974  4.084  5.     3.333  3.94  -0.449  3.094  5.   ]
378	[-2770. -2770. -2770. -2770. -2770.]	[ 1.453  3.017  4.434  2.816  2.411 -0.869  1.121  2.796]
205	[-4134. -4134. -4134. -4134. -4134.]	[ 1.973  4.788  5.     2.597  3.762 -0.144  3.263  4.554]
279	[-3116. -3116. -3116. -3116. -3116.]	[ 4.044  3.49   5.     2.793  3.065 -0.81   2.473  4.179]
353	[-2267. -2267. -2267. -2267. -2267.]	[ 1.596  3.523  4.318  2.93   2.104 -1.113  1.246  1.749]
230	[-4044. -4044. -4044. -4044. -4044.]	[ 3.113  4.591  5.     2.861  3.885 -0.209  3.507  4.68 ]
255	[-3810. -3810. -3810. -3810. -3810.]	[ 3.96   4.086  5.     3.349  3.938 -0.451  3.094  5.   ]
329	[-3306. -3306. -3306. -3306. -3306.]	[ 3.136  3.434  4.937  3.365  3.019 -0.529  1.742  3.561]
304	[-2741. -2741. -2741. -2741. -2741.]	[ 1.263  3.542  4.221  2.133  2.415 -1.135  1.731  2.619]
206	[-4143. -4143. -4143. -4143. -4143.]	[ 1.814  4.833  5.     2.537  3.741 -0.145  3.211  4.531]
379	[-2786. -2786. -2786. -2786. -2786.]	[ 1.739  3.031  4.569  2.855  2.481 -0.84   1.16   2.858]
231	[-4047. -4047. -4047. -4047. -4047.]	[ 3.111  4.604  5.     2.868  3.883 -0.209  3.51   4.698]
354	[-2288. -2288. -2288. -2288. -2288.]	[ 2.052  3.662  4.386  2.991  2.153 -1.043  1.293  1.805]
280	[-2362. -2362. -2362. -2362. -2362.]	[ 4.367  3.65   5.     2.576  2.247 -0.994  2.629  2.783]
256	[-3812. -3812. -3812. -3812. -3812.]	[ 3.948  4.091  5.     3.362  3.937 -0.452  3.095  5.   ]
305	[-2751. -2751. -2751. -2751. -2751.]	[ 1.381  3.624  4.382  2.336  2.406 -1.103  1.551  2.651]
207	[-4148. -4148. -4148. -4148. -4148.]	[ 1.746  4.839  5.     2.528  3.73  -0.145  3.191  4.554]
330	[-3300. -3300. -3300. -3300. -3300.]	[ 3.201  3.166  4.841  3.325  3.206 -0.54   1.869  3.592]
380	[-2119. -2119. -2119. -2119. -2119.]	[ 0.612  1.54   4.38   2.085  1.893 -0.861  1.14   1.99 ]
232	[-4050. -4050. -4050. -4050. -4050.]	[ 3.105  4.616  5.     2.865  3.88  -0.207  3.515  4.718]
281	[-2313. -2360. -2313. -2360. -2360.]	[ 4.632  3.937  5.     2.415  2.319 -0.9    2.525  2.725]
355	[-2304. -2304. -2304. -2304. -2304.]	[ 2.196  3.761  4.425  3.037  2.192 -1.027  1.294  1.815]
257	[-3813. -3813. -3813. -3813. -3813.]	[ 3.941  4.095  5.     3.378  3.935 -0.453  3.094  5.   ]
331	[-3318. -3318. -3318. -3318. -3318.]	[ 3.181  3.354  4.884  3.369  3.167 -0.541  1.783  3.63 ]
306	[-2784. -2784. -2784. -2784. -2784.]	[ 2.052  3.849  4.482  2.309  2.575 -1.021  1.695  2.751]
208	[-4151. -4151. -4151. -4151. -4151.]	[ 1.712  4.859  5.     2.519  3.721 -0.143  3.184  4.573]
233	[-4052. -4052. -4052. -4052. -4052.]	[ 3.095  4.624  5.     2.866  3.876 -0.206  3.52   4.733]
381	[-2089. -2089. -2089. -2089. -2089.]	[ 0.037  1.703  4.377  2.434  1.563 -1.003  0.793  2.128]
282	[-2378. -2378. -2378. -2378. -2378.]	[ 4.445  3.855  4.94   2.467  2.354 -0.954  2.561  2.694]
258	[-3815. -3815. -3815. -3815. -3815.]	[ 3.938  4.096  5.     3.393  3.936 -0.453  3.093  5.   ]
356	[-2306. -2306. -2306. -2306. -2306.]	[ 2.161  3.796  4.467  3.031  2.209 -1.033  1.271  1.804]
332	[-3343. -3343. -3343. -3343. -3343.]	[ 3.309  3.417  4.957  3.382  3.336 -0.547  1.805  3.668]
307	[-2792. -2792. -2792. -2792. -2792.]	[ 2.081  3.895  4.481  2.303  2.614 -1.021  1.69   2.759]
209	[-4154. -4154. -4154. -4154. -4154.]	[ 1.668  4.872  5.     2.507  3.713 -0.141  3.178  4.584]
234	[-4054. -4054. -4054. -4054. -4054.]	[ 3.09   4.628  5.     2.876  3.872 -0.206  3.525  4.742]
210	[-4158. -4158.  1022. -4158. -4158.]	[ 1.637  4.878  5.     2.503  3.706 -0.139  3.175  4.599]
382	[-2097. -2097. -2097. -2097. -2097.]	[ 0.108  1.68   4.115  2.186  1.582 -0.926  1.036  1.862]
283	[-2390. -2390. -2390. -2390. -2390.]	[ 4.573  3.959  4.99   2.444  2.381 -0.93   2.559  2.678]
259	[-3818. -3818. -3818. -3818. -3818.]	[ 3.935  4.095  5.     3.405  3.941 -0.453  3.095  5.   ]
235	[-4057. -4057.  1022. -4057. -4057.]	[ 3.091  4.634  5.     2.884  3.869 -0.205  3.531  4.751]
357	[-2309. -2309. -2309. -2309. -2309.]	[ 2.091  3.788  4.461  2.999  2.189 -1.041  1.267  1.806]
333	[-3337. -3337. -3337. -3337. -3337.]	[ 3.213  3.377  4.937  3.347  3.402 -0.57   1.839  3.63 ]
308	[-2794. -2794. -2794. -2794. -2794.]	[ 2.007  3.938  4.496  2.296  2.648 -1.03   1.633  2.75 ]
211	[-4160. -4160. -4160. -4160. -4160.]	[ 1.617  4.889  5.     2.5    3.7   -0.137  3.173  4.612]
383	[-2142. -2142. -2142. -2142. -2142.]	[ 0.572  1.837  4.387  2.161  1.693 -0.916  1.104  2.05 ]
260	[-3055. -3055.  1031. -3055. -3055.]	[ 4.104  3.128  5.     2.808  2.969 -0.833  2.639  4.351]
236	[-4058. -4058. -4058. -4058. -4058.]	[ 3.092  4.643  5.     2.89   3.867 -0.204  3.536  4.761]
284	[-2396. -2396. -2396. -2396. -2396.]	[ 4.596  3.956  4.963  2.451  2.408 -0.924  2.564  2.66 ]
358	[-2305. -2305. -2305. -2305. -2305.]	[ 1.985  3.745  4.409  2.957  2.143 -1.051  1.275  1.805]
334	[-3352. -3352. -3352. -3352. -3352.]	[ 3.451  3.476  4.935  3.404  3.464 -0.558  1.88   3.741]
309	[-2798. -2798. -2798. -2798. -2798.]	[ 1.971  3.95   4.443  2.241  2.667 -1.04   1.678  2.736]
212	[-4163. -4163. -4163. -4163. -4163.]	[ 1.598  4.9    5.     2.494  3.694 -0.134  3.173  4.628]
237	[-4060. -4060. -4060. -4060. -4060.]	[ 3.088  4.65   5.     2.898  3.865 -0.204  3.537  4.769]
261	[-3046. -3046. -3046. -3046. -3046.]	[ 4.43   3.188  5.     2.76   3.132 -0.827  2.812  4.554]
384	[-2114. -2114. -2114. -2114. -2114.]	[ 0.012  1.661  3.996  1.973  1.684 -0.971  1.081  1.96 ]
335	[-3370. -3370.  1027. -3370. -3370.]	[ 3.615  3.572  4.958  3.436  3.531 -0.551  1.904  3.795]
285	[-2394. -2394.  1045. -2394. -2394.]	[ 4.583  3.948  4.879  2.448  2.425 -0.926  2.563  2.673]
310	[-2797. -2797.  1033. -2797. -2797.]	[ 1.999  3.957  4.417  2.224  2.672 -1.035  1.705  2.738]
359	[-2304. -2304. -2304. -2304. -2304.]	[ 1.999  3.718  4.419  2.955  2.121 -1.048  1.292  1.81 ]
213	[-4165. -4165. -4165. -4165. -4165.]	[ 1.58   4.908  5.     2.491  3.688 -0.132  3.173  4.64 ]
238	[-4062. -4062. -4062. -4062. -4062.]	[ 3.086  4.655  5.     2.907  3.866 -0.204  3.538  4.776]
262	[-3057. -3057. -3057. -3057. -3057.]	[ 4.206  3.375  5.     2.825  2.906 -0.863  2.787  4.311]
385	[-2139. -2139.  1038. -2139. -2139.]	[ 0.     1.749  4.063  2.097  1.692 -1.014  0.971  2.085]
336	[-3371. -3371. -3371. -3371. -3371.]	[ 3.606  3.608  4.996  3.44   3.561 -0.548  1.883  3.762]
214	[-4167. -4167.  1022.  1022. -4167.]	[ 1.566  4.916  5.     2.491  3.682 -0.13   3.173  4.647]
239	[-4064. -4064.  1022.  1022. -4064.]	[ 3.088  4.66   5.     2.916  3.867 -0.203  3.541  4.781]
360	[-2468. -2468.  1033. -2468. -2468.]	[ 1.316  1.767  4.463  2.608  2.302 -0.777  1.158  2.61 ]
286	[-2417. -2417. -2417. -2417. -2417.]	[ 4.56   3.99   5.     2.481  2.381 -0.94   2.556  2.723]
311	[-2803. -2803. -2803. -2803. -2803.]	[ 2.16   4.008  4.481  2.269  2.699 -1.005  1.672  2.767]
263	[-3064. -3064. -3064. -3064. -3064.]	[ 4.062  3.415  5.     2.775  2.941 -0.854  2.658  4.15 ]
215	[-4169. -4169. -4169. -4169. -4169.]	[ 1.558  4.924  5.     2.493  3.677 -0.128  3.174  4.655]
386	[-2190. -2190. -2190. -2190. -2190.]	[ 0.921  1.936  4.533  2.2    2.07  -0.867  0.94   2.173]
287	[-2420.  1044. -2420. -2420. -2420.]	[ 4.531  3.993  5.     2.481  2.373 -0.943  2.552  2.719]
361	[-2420. -2420. -2420. -2420. -2420.]	[ 0.591  1.813  4.407  2.569  2.087 -0.794  0.823  2.497]
337	[-3372. -3372. -3372. -3372. -3372.]	[ 3.59   3.614  5.     3.461  3.562 -0.54   1.846  3.75 ]
264	[-3063. -3063.  1031.  1031. -3063.]	[ 4.006  3.43   5.     2.768  2.961 -0.836  2.569  4.015]
240	[-3679. -3679. -3679. -3679. -3679.]	[ 3.351  3.393  5.     3.12   3.442 -0.52   3.056  4.625]
312	[-2811. -2811. -2811. -2811. -2811.]	[ 2.283  4.019  4.516  2.296  2.709 -0.986  1.684  2.788]
216	[ 1022. -4171. -4171. -4171. -4171.]	[ 1.553  4.932  5.     2.493  3.675 -0.126  3.176  4.663]
241	[ 1025. -3696. -3696. -3696. -3696.]	[ 3.533  3.694  5.     3.133  3.745 -0.518  3.024  4.668]
387	[-2193. -2193. -2193. -2193. -2193.]	[ 0.849  1.958  4.454  2.167  2.074 -0.906  0.966  2.219]
362	[-2456. -2456. -2456. -2456. -2456.]	[ 0.552  1.921  4.108  2.775  1.881 -0.839  1.051  2.203]
338	[-3372. -3372. -3372. -3372. -3372.]	[ 3.622  3.605  5.     3.487  3.574 -0.531  1.829  3.765]
217	[-4172. -4172. -4172. -4172.  1022.]	[ 1.547  4.939  5.     2.496  3.672 -0.124  3.177  4.67 ]
265	[-3081. -3081. -3081. -3081. -3081.]	[ 4.32   3.485  5.     2.846  2.996 -0.822  2.665  4.253]
288	[-2422. -2422. -2422. -2422. -2422.]	[ 4.529  4.006  5.     2.457  2.386 -0.944  2.551  2.724]
313	[-2811. -2811. -2811. -2811. -2811.]	[ 2.263  4.     4.513  2.293  2.703 -0.986  1.683  2.78 ]
339	[-3384. -3384.  1027.  1027. -3384.]	[ 3.658  3.584  5.     3.482  3.631 -0.534  1.864  3.789]
242	[-3716. -3716. -3716. -3716.  1025.]	[ 3.67   3.846  5.     3.144  3.735 -0.506  3.104  4.646]
289	[-2421. -2421.  1044.  1044. -2421.]	[ 4.468  3.984  5.     2.467  2.372 -0.958  2.56   2.722]
314	[-2810. -2810.  1033.  1033. -2810.]	[ 2.223  4.     4.522  2.305  2.709 -0.987  1.644  2.77 ]
363	[-2471. -2471. -2471. -2471. -2471.]	[ 1.204  2.032  4.264  2.694  2.049 -0.779  1.174  2.397]
266	[ 1030. -3110. -3110. -3110. -3110.]	[ 4.256  3.527  5.     2.82   3.051 -0.798  2.543  4.224]
218	[-4174. -4174. -4174. -4174. -4174.]	[ 1.539  4.943  5.     2.498  3.669 -0.123  3.177  4.675]
388	[-2192. -2192. -2192. -2192. -2192.]	[ 0.642  1.948  4.414  2.125  2.116 -0.926  0.895  2.161]
243	[-3731. -3731. -3731. -3731. -3731.]	[ 3.78   3.932  5.     3.173  3.761 -0.502  3.151  4.727]
364	[-2422. -2422.  1032.  1032. -2422.]	[ 0.374  1.868  3.876  2.476  1.905 -0.897  1.146  2.32 ]
340	[-2130. -2130. -2130. -2130. -2130.]	[ 1.851  2.123  4.972  3.233  1.728 -0.989  1.329  2.064]
290	[-2418. -2418. -2418. -2418. -2418.]	[ 4.397  3.957  5.     2.487  2.349 -0.974  2.569  2.712]
389	[-2219. -2219.  1037.  1037. -2219.]	[ 1.039  2.028  4.554  2.084  2.249 -0.775  0.877  2.055]
267	[-3112. -3112. -3112. -3112.  1030.]	[ 4.23   3.534  5.     2.81   3.058 -0.794  2.518  4.211]
315	[-2812. -2812. -2812. -2812. -2812.]	[ 2.138  3.993  4.52   2.319  2.714 -0.997  1.603  2.755]
219	[-4175. -4175. -4175. -4175. -4175.]	[ 1.54   4.95   5.     2.501  3.67  -0.121  3.177  4.681]
244	[-3728. -3728. -3728. -3728. -3728.]	[ 3.672  3.897  5.     3.14   3.766 -0.509  3.087  4.724]
291	[ 1043. -2420. -2420. -2420. -2420.]	[ 4.401  3.969  5.     2.476  2.347 -0.968  2.566  2.708]
341	[ 1045. -2110. -2110. -2110. -2110.]	[ 1.51   2.088  4.977  3.074  1.632 -1.014  1.4    1.88 ]
365	[-2517. -2517. -2517. -2517. -2517.]	[ 0.631  1.99   3.704  2.825  2.041 -0.882  1.133  2.458]
316	[ 1033. -2813. -2813. -2813. -2813.]	[ 2.07   3.981  4.512  2.322  2.716 -1.008  1.588  2.743]
390	[-2199. -2199. -2199. -2199. -2199.]	[ 0.58   1.96   4.378  1.956  2.172 -0.84   0.845  2.06 ]
268	[-3110. -3110. -3110. -3110. -3110.]	[ 4.184  3.525  5.     2.8    3.047 -0.797  2.51   4.199]
220	[-3944. -3944. -3944. -3944. -3944.]	[ 2.763  4.076  5.     2.799  3.752 -0.294  3.454  4.297]
292	[-2419. -2419. -2419. -2419.  1043.]	[ 4.439  3.987  5.     2.473  2.346 -0.956  2.547  2.715]
366	[ 1032. -2644. -2644. -2644. -2644.]	[ 2.469  2.373  4.606  3.185  2.475 -0.712  1.238  2.994]
245	[-3750. -3750. -3750. -3750. -3750.]	[ 4.047  4.023  5.     3.266  3.775 -0.454  3.187  4.85 ]
342	[-2094. -2094. -2094. -2094.  1044.]	[ 1.172  1.723  4.988  3.419  1.345 -1.024  1.124  2.559]
391	[ 1036. -2213. -2213. -2213. -2213.]	[ 0.343  2.005  4.207  1.957  2.075 -0.947  0.862  2.175]
317	[-2813. -2813. -2813. -2813.  1032.]	[ 2.101  3.989  4.513  2.306  2.723 -1.008  1.619  2.746]
269	[-3111. -3111. -3111. -3111. -3111.]	[ 4.16   3.507  5.     2.795  3.06  -0.801  2.512  4.183]
221	[-3964. -3964. -3964. -3964. -3964.]	[ 3.159  4.275  5.     2.852  3.896 -0.244  3.517  4.392]
293	[-2416.  1043. -2416. -2416. -2416.]	[ 4.488  3.996  5.     2.478  2.343 -0.944  2.538  2.724]
367	[-2658. -2658. -2658. -2658.  1031.]	[ 2.304  2.39   4.587  3.161  2.48  -0.729  1.217  2.979]
246	[-3785. -3785. -3785. -3785. -3785.]	[ 4.036  4.075  5.     3.224  3.85  -0.451  3.152  4.896]
343	[-2110. -2110. -2110. -2110. -2110.]	[ 1.036  2.022  4.768  3.056  1.583 -1.108  1.334  1.891]
392	[-2238. -2238. -2238. -2238.  1036.]	[ 0.175  2.05   4.219  2.046  2.019 -1.034  0.864  2.204]
222	[-3984. -3984. -3984. -3984. -3984.]	[ 3.198  4.349  5.     2.883  3.899 -0.221  3.505  4.358]
318	[-2811. -2811. -2811. -2811. -2811.]	[ 2.205  4.013  4.525  2.294  2.736 -0.995  1.657  2.756]
270	[-3112. -3112. -3112. -3112. -3112.]	[ 4.162  3.495  5.     2.8    3.07  -0.803  2.522  4.19 ]
294	[-2416. -2416. -2416. -2416. -2416.]	[ 4.518  3.994  5.     2.486  2.34  -0.939  2.544  2.727]
247	[-3790. -3790. -3790. -3790. -3790.]	[ 3.976  4.052  5.     3.236  3.88  -0.453  3.102  4.925]
368	[-2673. -2673. -2673. -2673. -2673.]	[ 2.449  2.449  4.645  3.07   2.581 -0.7    1.206  3.005]
393	[-2244. -2244. -2244. -2244. -2244.]	[ 0.013  2.079  4.23   2.064  1.995 -1.065  0.824  2.159]
271	[-3113. -3113. -3113. -3113. -3113.]	[ 4.129  3.495  5.     2.797  3.063 -0.804  2.508  4.19 ]
223	[-3996. -3996. -3996. -3996. -3996.]	[ 3.253  4.417  5.     2.903  3.906 -0.215  3.518  4.441]
344	[-2121. -2121. -2121. -2121. -2121.]	[ 0.813  2.039  4.804  2.99   1.533 -1.165  1.413  1.812]
319	[-2812. -2812. -2812. -2812. -2812.]	[ 2.284  4.029  4.534  2.299  2.756 -0.982  1.663  2.763]
248	[-3791. -3791. -3791. -3791. -3791.]	[ 3.983  4.086  5.     3.248  3.878 -0.452  3.088  4.949]
295	[-2418. -2418. -2418. -2418.  1043.]	[ 4.509  3.995  5.     2.485  2.345 -0.94   2.544  2.719]
369	[-2698. -2698. -2698. -2698. -2698.]	[ 2.29   2.458  4.586  3.003  2.583 -0.723  1.205  2.967]
224	[-3995. -3995.  1023. -3995. -3995.]	[ 3.161  4.398  5.     2.865  3.898 -0.218  3.484  4.429]
394	[-2257. -2257. -2257. -2257. -2257.]	[ 0.149  2.181  4.308  2.072  2.028 -1.031  0.795  2.158]
272	[-3114. -3114. -3114. -3114. -3114.]	[ 4.082  3.491  5.     2.784  3.061 -0.809  2.501  4.182]
249	[-3793. -3793.  1024. -3793. -3793.]	[ 3.999  4.098  5.     3.261  3.889 -0.451  3.093  4.972]
320	[-3050. -3050. -3050. -3050. -3050.]	[ 2.296  2.11   4.909  2.894  2.765 -0.647  1.949  3.38 ]
345	[-2124. -2124. -2124. -2124.  1043.]	[ 0.941  2.139  4.69   2.875  1.609 -1.126  1.344  1.846]
296	[-2420. -2420. -2420. -2420. -2420.]	[ 4.48   3.997  5.     2.478  2.353 -0.943  2.539  2.705]
370	[-2674. -2674. -2674. -2674. -2674.]	[ 1.803  2.416  4.404  2.972  2.498 -0.8    1.173  2.919]
273	[-3114. -3114. -3114. -3114. -3114.]	[ 4.067  3.488  5.     2.782  3.064 -0.812  2.498  4.183]
395	[-2257. -2257. -2257. -2257.  1036.]	[ 0.032  2.286  4.193  2.037  1.988 -1.072  0.792  2.185]
425	[-2081. -2086. -2081. -2102. -2102.]	[ 0.     1.379  2.212  3.222  1.168 -0.95   2.137  1.696]
400	[-2222. -2222. -2222. -2222. -2222.]	[ 0.     1.311  3.817  2.481  1.613 -0.921  1.168  2.181]
346	[-2187. -2187. -2187. -2187. -2187.]	[ 1.396  2.413  4.835  2.957  1.799 -1.116  1.4    1.871]
297	[-2421. -2421. -2421. -2421. -2421.]	[ 4.473  4.003  5.     2.473  2.358 -0.943  2.534  2.697]
274	[-3114. -3114.  1030. -3114. -3114.]	[ 4.107  3.493  5.     2.795  3.075 -0.809  2.503  4.201]
321	[-2994. -2994. -2994. -2994. -2994.]	[ 2.345  2.171  5.     3.012  2.928 -0.617  1.759  3.486]
371	[-2698. -2698. -2698. -2698. -2698.]	[ 1.885  2.514  4.43   2.943  2.531 -0.804  1.185  2.964]
426	[ 1039. -2213. -2205. -2213. -2205.]	[ 0.     1.428  4.268  3.395  1.474 -0.872  0.76   2.211]
401	[ 1041. -2161. -2161. -2161. -2161.]	[ 0.     1.369  3.798  3.187  1.298 -0.905  0.869  2.4  ]
396	[-2242. -2242. -2242. -2242. -2242.]	[ 0.     2.424  4.098  2.035  1.933 -1.104  0.805  2.209]
322	[-3024. -3024. -3024. -3024. -3024.]	[ 1.4    2.253  4.621  3.021  2.401 -0.662  1.756  2.513]
347	[-2210. -2210. -2210. -2210. -2210.]	[ 1.065  2.957  4.421  2.816  1.909 -1.175  1.269  1.711]
372	[-2742. -2742. -2742. -2742. -2742.]	[ 2.228  2.636  4.623  2.914  2.62  -0.762  1.229  2.989]
450	[-2179. -2179. -2179. -2179. -2179.]	[ 0.     1.196  3.113  1.547  1.161 -0.879  2.468  4.266]
298	[-2422. -2422. -2422. -2422. -2422.]	[ 4.472  4.006  5.     2.471  2.359 -0.942  2.532  2.695]
402	[-2179. -2179. -2179. -2179. -2179.]	[ 0.     1.38   3.877  2.956  1.319 -0.91   1.12   2.075]
427	[-2239. -2239. -2239. -2239. -2239.]	[ 0.     1.535  4.176  3.176  1.499 -0.861  0.768  2.182]
397	[-2258. -2258. -2258. -2258. -2258.]	[ 0.     2.531  4.157  2.132  1.876 -1.157  0.819  2.255]
451	[ 1037. -2189. -2189. -2189. -2189.]	[ 0.     1.29   2.744  1.559  1.114 -0.86   2.358  4.267]
299	[-2422. -2422.  1043. -2422. -2422.]	[ 4.462  3.998  5.     2.474  2.353 -0.944  2.535  2.698]
373	[-2738. -2738. -2738. -2738. -2738.]	[ 2.051  2.68   4.695  2.836  2.536 -0.764  1.199  2.891]
323	[-3062. -3062. -3062. -3062. -3062.]	[ 1.818  2.38   4.663  2.883  2.728 -0.672  1.942  2.72 ]
348	[-2224. -2224. -2224. -2224. -2224.]	[ 1.069  3.092  4.347  2.797  1.91  -1.181  1.27   1.718]
403	[-2209. -2209. -2209.  1040. -2209.]	[ 0.     1.49   4.032  2.67   1.419 -0.954  1.115  2.145]
428	[-2195. -2284. -2284.  1037. -2284.]	[ 0.     1.436  4.182  3.032  1.647 -0.785  0.726  2.279]
374	[-2760. -2760.  1030. -2760. -2760.]	[ 2.178  2.802  4.747  2.89   2.546 -0.753  1.184  2.938]
324	[-3042. -3042.  1028. -3042. -3042.]	[ 1.695  2.422  4.581  2.777  2.715 -0.694  1.959  2.739]
452	[-2319. -2319. -2319. -2319. -2319.]	[ 0.     1.444  3.393  3.044  0.729 -0.986  2.45   3.308]
398	[-2259. -2259. -2259. -2259. -2259.]	[ 0.     2.544  4.239  2.223  1.857 -1.193  0.803  2.278]
475	[-2027. -2033. -2027. -2033. -2033.]	[ 0.     1.255  2.936  2.43   1.259 -1.399  2.908  3.239]
349	[-2234. -2234.  1042. -2234. -2234.]	[ 1.325  3.232  4.314  2.832  2.023 -1.14   1.246  1.743]
404	[-2167. -2167. -2167. -2167. -2167.]	[ 0.     1.391  3.876  2.338  1.571 -0.97   1.175  2.158]
399	[-2268. -2268.  1035. -2268. -2268.]	[ 0.     2.571  4.277  2.272  1.877 -1.202  0.777  2.27 ]
429	[-2251. -2324. -2324. -2324. -2324.]	[ 0.     1.514  4.106  2.99   1.556 -0.785  0.745  2.469]
476	[ 1036. -1883. -1883. -1645. -1883.]	[ 0.     0.957  3.207  1.947  1.496 -1.514  3.064  3.285]
453	[-2375. -2375. -2375.  1036. -2375.]	[ 0.     1.428  3.189  2.987  0.969 -1.029  2.901  2.429]
500	[-1603. -1603. -1603. -1603. -1603.]	[ 0.     0.394  3.245  2.834  0.679 -0.693  1.693  2.053]
525	[-1226. -1202. -1202. -1226. -1226.]	[ 0.     0.683  1.459  2.508  0.602 -0.908  1.977  2.242]
550	[-936. -905. -905. -993. -993.]	[ 0.     0.352  3.934  1.805 -0.007 -1.4    3.524  4.234]
405	[-2198. -2198. -2198. -2198. -2198.]	[ 0.     1.502  3.739  2.345  1.588 -0.98   1.114  2.237]
501	[ 1133.  1133. -1371. -1371. -1288.]	[ 0.     0.354  1.509  2.628  0.586 -0.481  1.896  2.203]
430	[-2179. -2179. -2179. -2179. -2179.]	[ 0.     1.558  4.042  3.395  1.356 -0.894  0.789  2.612]
454	[-2409. -2409. -2409. -2409. -2409.]	[ 0.     1.293  3.394  2.902  1.269 -1.002  2.625  2.385]
477	[-2037. -2037. -2037. -2037. -2037.]	[ 0.     1.146  3.372  3.311  1.046 -1.359  2.406  3.044]
406	[-2294. -2294.  1038. -2294.  1038.]	[ 0.     1.636  3.861  2.27   1.817 -1.001  1.077  2.392]
575	[-854. -866. -866. -854. -857.]	[ 0.     0.351  3.258  2.594  0.588 -2.009  3.528  3.188]
526	[ 1067. -1316. -1316. -1316. -1316.]	[ 0.     0.736  3.338  2.178  0.407 -1.054  2.24   1.816]
551	[1053. -938. -938. -885. -938.]	[ 0.    -0.408  1.709  1.284  1.067 -0.623  2.034  3.559]
431	[-2210. -2210.  1036. -2128. -2210.]	[ 0.     1.609  3.939  3.529  1.374 -0.89   0.739  2.516]
407	[ 1037. -2321. -2321. -2321. -2321.]	[ 0.     1.7    3.733  2.259  1.844 -1.039  1.101  2.55 ]
478	[-2012. -2012. -2012.  1035. -2012.]	[ 0.     1.278  3.44   3.975  0.755 -1.203  2.535  2.007]
502	[-1305. -1306. -1283. -1283. -1306.]	[ 0.     0.433  1.7    1.908  0.674 -0.602  2.276  1.913]
455	[-2338. -2338. -2338. -2338. -2338.]	[ 0.     1.198  3.066  2.887  1.478 -1.113  2.908  2.873]
576	[1048. -704. -752. -740. -752.]	[ 0.     0.097  3.166  2.26   0.791 -1.858  2.713  2.927]
527	[-1315. -1302. -1302. -1315. -1302.]	[ 0.     0.825  3.356  1.994  0.419 -1.071  2.296  1.765]
432	[ 1036. -2323. -2323. -2323. -2257.]	[ 0.     1.64   4.093  3.364  1.617 -0.976  0.785  2.769]
552	[-952. -964. -952. -964. -952.]	[ 0.     0.251  4.027  3.552  0.85  -2.185  3.005  3.782]
408	[-2308. -2308. -2308. -2308. -2308.]	[ 0.     1.674  3.92   2.124  1.962 -0.997  1.034  2.407]
456	[-2203. -2203.  1035. -2203. -2203.]	[ 0.     1.087  3.06   2.956  1.693 -1.355  2.683  3.417]
503	[-1402. -1409. -1414.  1075. -1402.]	[ 0.     0.592  2.962  2.055  0.661 -0.713  2.216  1.329]
479	[-2007. -2007. -2007. -2007. -2007.]	[ 0.     0.352  3.451  3.122  1.089 -0.839  1.935  3.116]
528	[-1388. -1388. -1388.  1053. -1388.]	[ 0.     0.233  3.253  2.792  0.219 -0.762  1.595  3.571]
577	[-860. -860. -860. -701. 1046.]	[ 0.    -0.075  3.423  2.943  0.343 -1.204  1.849  2.576]
433	[-2338. -2338. -2338. -2338. -2338.]	[ 0.     1.677  4.326  3.238  1.515 -0.929  0.775  2.657]
457	[ 1035. -2337. -2337. -2337. -2337.]	[ 0.     1.313  3.1    3.275  1.358 -1.268  2.586  3.407]
553	[-1110. -1110. -1110. -1110. -1110.]	[ 0.     1.02   2.535  2.539  0.462 -1.649  2.364  2.438]
409	[-2319. -2319. -2319. -2319. -2319.]	[ 0.     1.708  3.878  2.022  2.023 -1.002  1.07   2.373]
504	[-1290. -1299. -1336. -1296. -1299.]	[ 0.     0.32   3.937  2.374  0.305 -1.037  2.836  2.254]
480	[-1897. -1897. -1897. -1897. -1897.]	[ 0.02   0.571  3.272  2.844  0.748 -0.674  1.865  2.226]
434	[-2384. -2384. -2384. -2384. -2384.]	[ 0.     1.624  4.437  3.345  1.764 -0.867  0.71   2.37 ]
529	[-1405. -1407. -1394. -1405. -1405.]	[ 0.     0.685  3.312  1.768  0.195 -1.135  2.765  3.662]
578	[-676. -800. -800. -800. -800.]	[ 0.    -0.044  3.017  3.079  0.437 -1.01   1.406  1.934]
458	[-2317. -2317. -2317. -2317. -2317.]	[ 0.     1.37   2.903  3.753  0.945 -0.988  2.237  2.797]
554	[-1159. -1159. -1159. -1159. -1159.]	[ 0.     0.087  3.3    3.328  0.679 -1.028  1.705  1.859]
410	[-2244. -2244. -2244. -2244. -2244.]	[ 0.     1.719  3.726  2.036  1.994 -1.024  1.051  2.426]
481	[-1629. -1629.  1074. -1577. -1629.]	[ 0.     0.4    1.477  2.784  0.688 -0.47   2.154  2.428]
505	[-1451. -1451. -1451. -1451. -1451.]	[ 0.     0.742  1.532  2.511  0.698 -0.875  2.083  2.427]
435	[-2371. -2371. -2264. -2371. -2264.]	[ 0.     1.659  4.402  3.468  1.814 -0.922  0.688  2.515]
579	[-847. -847. -847. -847. -847.]	[ 0.    -0.155  3.469  2.838  0.649 -0.996  1.342  1.948]
530	[-1118. -1174. -1118. -1118. -1118.]	[ 0.     0.368  4.07   1.86   0.082 -1.358  3.594  4.575]
459	[-2358. -2358. -2358. -2358. -2358.]	[ 0.     1.382  2.755  3.256  0.916 -0.941  2.152  3.796]
555	[-1020. -1017.  -938.  -980. -1020.]	[ 0.     0.212  2.871  1.466  0.392 -0.966  2.523  2.435]
482	[ 1060. -1584. -1576. -1576. -1576.]	[ 0.     0.458  1.913  2.492  0.951 -0.875  2.665  2.069]
411	[-2269. -2269.  1036. -2269. -2269.]	[ 0.     1.801  3.704  2.131  1.91  -1.017  0.989  2.45 ]
436	[-2189. -2275.  1035. -2189. -2275.]	[ 0.     1.597  4.186  3.574  1.984 -1.17   0.771  2.845]
506	[-1536. -1536.  1050. -1536. -1536.]	[ 0.     0.824  3.524  2.248  0.464 -1.021  2.371  1.899]
531	[-1120. -1120.  1045. -1120. -1120.]	[ 0.    -0.402  1.795  1.322  1.163 -0.564  2.127  3.792]
580	[-1110. -1110. -1110. -1110. -1110.]	[ 0.     0.713  2.962  3.269  0.576 -1.035  1.33   1.464]
556	[-898. -898. 1043. -898. -810.]	[ 0.     0.184  3.222  2.214  0.878 -1.815  2.733  2.94 ]
460	[-2195. -2195. -2195. -2195. -2195.]	[ 0.     0.682  3.282  2.884  0.899 -0.667  2.031  2.51 ]
412	[-2317. -2317. -2317. -2317. -2317.]	[ 0.     1.841  3.808  2.292  1.901 -1.043  0.967  2.466]
483	[-1677. -1677. -1677. -1677. -1677.]	[ 0.     0.68   3.032  2.052  0.851 -0.712  2.365  1.439]
437	[-2344. -2344. -2255. -2344. -2344.]	[ 0.     1.634  4.268  3.7    1.887 -1.123  0.736  2.83 ]
507	[ 1047. -1524. -1517. -1539. -1517.]	[ 0.     0.941  3.501  2.063  0.47  -1.044  2.395  1.883]
532	[ 1043. -1136. -1136. -1136. -1127.]	[ 0.     0.258  2.202  1.832  0.738 -0.96   1.683  2.992]
581	[-723. -890. 1186. -890. -747.]	[ 0.    -0.813  3.185  2.148  0.764 -0.904  2.942  3.831]
461	[-1883. -1790.  1051. -1845. -1833.]	[ 0.     0.479  1.557  2.903  0.791 -0.493  2.391  2.608]
557	[ 1042. -1017. -1011. -1003. -1013.]	[ 0.    -0.012  3.59   2.927  0.386 -1.174  1.932  2.704]
413	[-2316. -2316. -2316. -2316. -2316.]	[ 0.     1.858  3.916  2.264  1.919 -1.043  0.946  2.418]
438	[-2323. -2323. -2323. -2249. -2323.]	[ 0.     1.645  4.396  3.707  1.67  -0.967  0.653  2.531]
484	[-1607. -1607. -1559. -1561. -1607.]	[ 0.     0.377  4.052  2.58   0.378 -0.999  3.151  2.398]
582	[1163. -730. -730. -702. -697.]	[ 0.    -0.196  3.001  2.411  0.821 -1.384  3.327  1.636]
508	[-1606. -1606. -1606. -1606. -1606.]	[ 0.     0.209  3.208  2.931  0.432 -0.697  1.652  3.523]
533	[-1299. -1299. -1299. -1299. -1284.]	[ 0.     1.083  2.661  2.629  0.527 -1.608  2.424  2.557]
462	[-1842. -1872. -1872. -1872. -1872.]	[ 0.     0.572  2.104  2.543  1.024 -0.834  2.98   2.121]
414	[-2329. -2329. -2329. -2329. -2329.]	[ 0.     1.882  3.996  2.187  1.971 -1.015  0.923  2.351]
439	[-2320. -2320. -2320. -2252. -2252.]	[ 0.     1.647  4.441  3.618  1.688 -0.938  0.638  2.472]
558	[-948. -964. -948. -948. -948.]	[ 0.     0.028  3.196  3.131  0.48  -1.003  1.491  2.03 ]
485	[-1719. -1719. -1719. -1681. -1719.]	[ 0.     0.871  1.634  2.545  0.799 -0.865  2.269  2.568]
583	[-774. -711. -804. -815. -804.]	[ 0.    -0.008  3.162  2.528  0.902 -1.245  2.217  1.387]
534	[-1354. -1354. -1345. -1354. -1345.]	[ 0.     0.658  3.355  1.818  0.56  -0.906  2.003  1.781]
509	[-1629. -1622. -1636. -1622. -1636.]	[ 0.     0.832  3.478  1.809  0.292 -1.108  2.81   3.695]
463	[-1925. -1953. -1941. -1925. -1941.]	[ 0.     0.245  3.644  2.608  1.231 -0.871  2.794  2.069]
415	[-2323. -2323. -2323. -2323. -2323.]	[ 0.     1.924  3.917  2.137  2.025 -1.029  0.943  2.344]
440	[-2445. -2445. -2445. -2445. -2445.]	[ 0.     0.897  3.183  2.986  1.161 -0.753  2.148  2.604]
559	[-1016. -1016. -1016. -1016. -1016.]	[ 0.    -0.086  3.518  2.846  0.718 -0.959  1.401  2.028]
486	[-1795. -1795.  1044. -1795. -1795.]	[ 0.     0.96   3.636  2.341  0.536 -0.998  2.573  2.013]
464	[-1881. -1881. -1865. -1865. -1881.]	[ 0.     0.456  4.055  2.905  0.459 -0.944  3.416  2.49 ]
584	[-693. -630. -693. -678. -685.]	[ 0.     0.231  3.652  2.16   0.121 -1.239  2.894  1.557]
510	[-1328. -1328. -1263. -1328. -1328.]	[ 0.     0.031  2.349  1.547  1.005 -0.795  1.816  3.877]
535	[-1213. -1213. -1213. -1209. -1213.]	[ 0.     0.268  3.099  1.583  0.432 -0.937  2.603  2.555]
416	[-2282.  1035. -2282. -2282. -2282.]	[ 0.     1.958  3.822  2.131  2.017 -1.051  0.979  2.317]
441	[-2091.  1044. -2081. -2021. -2081.]	[ 0.     0.629  1.686  3.051  0.956 -0.622  2.543  2.827]
560	[-1269. -1269. -1269.  1215. -1269.]	[ 0.     0.653  3.044  3.195  0.608 -0.965  1.604  1.452]
487	[-1753. -1798. -1774. -1798. -1774.]	[ 0.     1.098  3.609  2.155  0.52  -1.019  2.529  2.067]
511	[-1145. -1296.  1041. -1283. -1324.]	[ 0.    -0.36   1.988  1.331  1.215 -0.53   2.253  4.227]
465	[-2004. -2004. -2004. -2004. -2004.]	[ 0.     1.     1.77   2.67   0.919 -0.851  2.453  2.694]
536	[ -933. -1075.  1040. -1075.  -915.]	[ 0.     0.284  3.299  2.2    0.985 -1.788  2.893  2.942]
442	[-2109. -2107. -2107. -2107. -2107.]	[ 0.     0.967  2.608  2.571  0.922 -0.811  2.077  2.702]
585	[-699. -730. -730. -681. -699.]	[ 0.     0.659  0.89   2.069  0.562 -1.258  3.138  2.076]
417	[-2318. -2318. -2318. -2318. -2318.]	[ 0.     1.996  3.803  2.193  1.96  -1.09   1.032  2.386]
561	[-1011.  -934.  1183.  -878.  -890.]	[ 0.    -0.792  3.27   2.192  0.757 -0.823  2.965  3.864]
488	[-1859. -1859. -1859. -1859. -1859.]	[ 0.     0.245  3.44   3.284  0.61  -0.678  1.724  3.551]
466	[-2034.  1042. -2074. -2074. -2074.]	[ 0.     1.101  3.705  2.519  0.638 -0.98   2.795  2.184]
512	[-1360. -1340. -1360. -1360. -1351.]	[ 0.     0.387  2.369  2.002  0.754 -0.937  1.726  3.217]
537	[-1204. -1193. -1204. -1033. -1204.]	[ 0.     0.051  3.764  3.005  0.446 -1.149  2.024  2.896]
586	[-877. -873. 1102. -873. -873.]	[ 0.     0.579  3.467  3.167 -0.257 -1.647  3.549  3.498]
562	[-831. -749. -853. -870. 1158.]	[ 0.     0.277  1.473  2.456  0.744 -1.212  3.395  1.682]
443	[-2136. -2157. -2157. -2157. -2157.]	[ 0.     0.965  3.545  2.213  1.122 -0.781  2.006  2.254]
418	[-2321. -2321. -2321. -2321. -2321.]	[ 0.     2.005  3.763  2.224  1.918 -1.117  1.044  2.438]
467	[-2073. -2073. -2073. -2073. -2073.]	[ 0.     1.248  3.714  2.309  0.61  -0.99   2.669  2.278]
489	[-1880. -1903. -1892. -1903. -1879.]	[ 0.     0.971  3.634  1.867  0.419 -1.047  2.91   3.708]
587	[-838. -836. -838. -848. 1092.]	[ 0.     0.501  3.056  3.179 -0.027 -1.36   3.409  1.612]
538	[-1035. -1154. -1150. -1035. -1154.]	[ 0.     0.1    3.349  3.247  0.529 -0.992  1.603  2.157]
444	[-2140.  1042. -2122. -2085. -2140.]	[ 0.     0.984  1.899  2.203  0.995 -0.789  2.888  3.284]
513	[-1531. -1531. -1526. -1531. -1531.]	[ 0.     1.209  2.854  2.79   0.587 -1.582  2.545  2.675]
419	[-2325.  1035. -2325. -2325. -2325.]	[ 0.     2.035  3.799  2.218  1.926 -1.105  1.009  2.424]
563	[-953. -882. -958. -949. -923.]	[ 0.     0.03   3.231  2.541  0.945 -1.212  2.324  1.466]
588	[-925. -915. -925. 1084. -915.]	[ 0.    -0.124  3.645  3.866  0.061 -1.474  3.592  3.931]
468	[-2127. -2127. -2127. -2127. -2127.]	[ 0.     0.359  3.672  3.695  0.771 -0.65   1.79   3.39 ]
490	[-1522. -1526. -1522. -1570. -1623.]	[ 0.     0.469  4.378  2.08   0.248 -1.269  3.967  5.   ]
445	[-2265. -2265. -2265. -2265. -2265.]	[ 0.     1.047  1.954  2.902  1.087 -0.836  2.486  2.908]
539	[-1209. -1209. -1209. -1209. -1209.]	[ 0.    -0.012  3.584  2.908  0.786 -0.924  1.474  2.14 ]
420	[-2275. -2275. -2275. -2275. -2275.]	[ 0.     1.137  3.469  3.448  0.28  -0.757  2.695  2.583]
514	[-1582. -1582. -1582. -1582. -1582.]	[ 0.     0.757  3.44   1.905  0.631 -0.893  2.159  1.937]
564	[-831. -831. -788. -720. -810.]	[ 0.     0.258  3.694  2.197  0.157 -1.192  2.971  1.658]
469	[-2187.  1039. -2187. -2187. -2187.]	[ 0.     1.074  3.722  1.993  0.615 -0.946  2.877  3.701]
446	[-2330. -2330. -2330. -2330. -2330.]	[ 0.     1.243  3.724  2.717  0.781 -0.924  2.813  2.275]
491	[-1564.  1039. -1564. -1552. -1564.]	[ 0.     1.076  2.036  1.072  0.773 -0.94   2.537  3.49 ]
589	[-934. -934. -934. -934. -934.]	[ 0.     0.134  2.994  1.589  0.162 -1.17   3.351  3.565]
540	[-1404. -1404. -1404. -1404. -1404.]	[ 0.087  0.593  3.108  3.01   0.63  -0.87   1.849  1.545]
421	[-2015. -2015. -2171. -2171. -2015.]	[ 0.     1.217  4.039  3.44   1.397 -0.748  0.601  2.436]
515	[-1440. -1446. -1446. -1440. -1446.]	[ 0.     0.329  3.378  1.756  0.483 -0.899  2.707  2.706]
470	[-1864. -1831. -1844. -1831. -1831.]	[ 0.     0.579  4.391  2.154  0.317 -1.175  4.105  5.   ]
447	[-2339. -2339. -2339. -2339. -2339.]	[ 0.     1.333  3.723  2.644  0.918 -0.921  2.535  2.28 ]
565	[-882. -834. -882. -882. -882.]	[ 0.     0.663  1.231  2.365  0.486 -1.019  2.015  1.97 ]
541	[-1031.  1185. -1109. -1012. -1051.]	[ 0.    -0.753  3.339  2.333  0.684 -0.715  2.806  3.701]
492	[-1644. -1644. -1644. -1626. -1644.]	[ 0.     0.983  2.751  2.58   0.597 -1.11   1.954  2.958]
590	[-635. -624. -721. -635. -635.]	[ 0.     0.273  3.735  1.77  -0.13  -1.486  3.572  4.048]
422	[-2086. -2086. -2086. -2086. -2086.]	[ 0.     1.114  4.046  2.886  1.012 -0.881  1.374  2.185]
516	[-1291.  1038. -1101. -1117. -1291.]	[ 0.     0.491  3.325  2.115  1.181 -1.771  3.05   2.789]
448	[-2373. -2373. -2373. -2373.  1039.]	[ 0.     0.862  3.349  3.067  1.193 -0.763  1.578  3.924]
471	[-1874. -1874. -1874. -1874. -1874.]	[ 0.     1.168  2.167  1.301  0.925 -0.905  2.696  3.797]
542	[-990. -990. -982. -967. 1157.]	[ 0.     0.656  3.035  1.599  0.364 -0.726  2.439  0.943]
566	[-1019.  1094. -1015.  -982. -1019.]	[ 0.     0.72   2.845  2.217 -0.022 -1.554  3.515  3.809]
423	[-2201. -2201. -2161. -2201.  1041.]	[ 0.     1.288  4.075  3.253  0.114 -0.798  2.644  2.478]
493	[-1817. -1817. -1817. -1817. -1803.]	[ 0.     1.216  2.793  2.551  0.608 -1.185  2.407  2.777]
449	[ 1038. -2425. -2425.  1038. -2425.]	[ 0.     1.09   3.384  2.242  1.049 -0.881  2.426  4.314]
591	[-605. 1068. -635. -635. -635.]	[ 0.    -0.349  1.6    1.241  0.939 -0.822  1.808  3.262]
472	[-2008. -2008. -2008. -2008. -2008.]	[ 0.     1.165  3.092  3.088  0.578 -1.055  2.429  3.306]
517	[-1431. -1420. -1431. -1431. -1420.]	[ 0.     0.122  3.976  3.206  0.521 -1.129  2.137  3.193]
424	[ 1040. -2097. -2097.  1040. -2097.]	[ 0.     1.303  2.54   2.129  1.221 -0.86   2.217  1.848]
494	[-1851.  1038. -1851. -1851. -1851.]	[ 0.     0.93   3.446  2.061  0.731 -0.911  2.301  2.211]
543	[-1053. -1066. -1068. -1087. -1057.]	[ 0.     0.066  3.283  2.532  0.955 -1.164  2.367  1.563]
567	[-978. -990. -978. -993. -978.]	[ 0.    -0.038  3.1    1.853  0.759 -1.126  3.379  1.727]
600	[-952. -952. -952. -952. -952.]	[ 0.     0.747  2.859  3.23   0.536 -1.089  1.161  1.446]
592	[-660. -660. -660. -660. -660.]	[ 0.     0.041  1.935  1.576  0.602 -1.014  1.595  2.622]
473	[-2136. -2136. -2136. -2136.  1037.]	[ 0.     1.341  2.967  2.771  0.666 -1.14   2.938  2.961]
518	[-1386. -1386. -1386. -1386. -1386.]	[ 0.     1.134  3.594  3.343  0.526 -1.37   1.782  1.724]
495	[-1722. -1700. -1700. -1700.  1037.]	[ 0.     0.411  3.655  1.962  0.57  -0.862  2.847  2.878]
625	[-452. -452. -459. -459. -452.]	[ 0.     0.567  0.81   1.89   0.44  -1.326  3.252  1.951]
601	[1191. 1191. -769. -769. -573.]	[ 0.    -0.811  3.09   2.179  0.753 -1.01   2.957  3.595]
544	[-978. 1114. -920. -978. -930.]	[ 0.     0.273  3.762  2.259  0.196 -1.146  2.954  1.819]
474	[ 1037. -2163. -2163.  1037. -2163.]	[ 0.     1.144  3.49   2.463  0.903 -0.967  2.417  2.527]
593	[-827. -827. -827. -827. -827.]	[ 0.     1.017  2.476  2.45   0.364 -1.801  2.293  2.248]
568	[-1057. -1011. -1057. -1057. -1057.]	[ 0.     0.177  3.244  2.761  0.057 -0.91   1.506  3.637]
519	[-1435.  1037. -1435. -1435. -1435.]	[ 0.     0.066  3.592  3.039  0.858 -0.884  1.576  2.325]
626	[1124. -591. -590. -615. -615.]	[ 0.     0.443  3.378  3.173 -0.312 -1.731  3.529  3.161]
496	[-1358. -1560. -1560. -1541. -1353.]	[ 0.     0.77   3.362  2.083  1.341 -1.727  3.019  2.893]
594	[-704. 1057. -855. -855. -855.]	[ 0.     0.03   3.138  3.535  0.54  -1.122  1.5    1.762]
602	[-563. -597. -531. -555. -594.]	[ 0.     0.305  2.72   3.013  0.134 -1.885  2.981  4.   ]
545	[-1046. -1046. -1027. -1046. -1046.]	[ 0.     0.649  1.336  2.513  0.557 -0.965  1.969  2.077]
650	[-339. -263. -245. -263. -245.]	[ 0.     0.089  3.514  1.594 -0.231 -1.56   3.397  3.595]
569	[-1080.  1070. -1080. -1080. -1080.]	[ 0.     0.162  3.067  1.646  0.205 -1.124  3.487  3.622]
520	[-1462. -1462. -1462. -1462. -1462.]	[ 0.     0.366  3.159  2.783  0.7   -0.733  1.733  1.75 ]
497	[-1695. -1695. -1695. -1689. -1695.]	[ 0.     0.666  3.597  3.188  0.864 -1.439  2.232  3.529]
603	[-695. 1150. -695. 1150. -695.]	[ 0.     0.449  1.673  2.184  0.227 -1.555  3.111  3.967]
651	[1099. -223. -242. -242. -242.]	[ 0.    -0.447  3.331  3.126  0.51  -2.053  3.095  3.093]
627	[-586. -591. -591. -561. -591.]	[ 0.     0.221  3.28   3.161 -0.188 -1.656  3.672  2.765]
546	[-1135. -1128. -1135. -1135. -1128.]	[ 0.     0.702  3.161  2.075  0.352 -1.103  2.199  1.741]
595	[-723. -723. -723. -723. -723.]	[ 0.     0.241  3.127  2.61   0.555 -2.022  3.414  3.059]
570	[-780. -780. -865. -865. -780.]	[ 0.     0.325  3.83   1.832 -0.088 -1.456  3.653  4.201]
521	[-1198. -1198. -1198. -1193. -1193.]	[ 0.    -0.676  3.386  2.624  0.593 -0.58   2.348  3.408]
628	[-710. 1106. -710. 1106. -710.]	[ 0.    -0.204  3.406  3.91   0.013 -1.56   3.832  3.669]
498	[-1671. -1671. -1671. -1671.  1036.]	[ 0.     1.198  3.553  3.662  0.61  -1.286  2.162  1.768]
604	[-567. -522. -572. -455. -550.]	[ 0.     0.372  3.025  2.951  0.053 -1.718  3.201  2.06 ]
652	[-349. -230. -349. -349. -349.]	[ 0.    -0.024  3.433  3.321  0.542 -2.285  2.843  3.059]
547	[-1133. -1125. -1113. -1133. -1125.]	[ 0.     0.809  3.176  1.907  0.363 -1.124  2.253  1.668]
499	[ 1036. -1701. -1701.  1036. -1701.]	[ 0.     0.153  3.515  3.227  0.934 -0.858  1.757  2.698]
596	[-459. -459. -622. -622. -498.]	[ 0.    -0.013  3.189  2.447  0.688 -1.924  2.694  3.145]
629	[-663. -663. -663. -663. -663.]	[ 0.     0.038  2.847  1.496  0.098 -1.237  3.091  3.445]
571	[-782. -782. -782. -782. -782.]	[ 0.    -0.401  1.634  1.254  0.991 -0.717  2.015  3.402]
522	[-1121. -1099. -1105. -1099. -1099.]	[ 0.    -0.395  3.722  1.598  0.742 -0.65   1.789  3.861]
653	[-424. 1088. -411. 1088. -411.]	[ 0.     0.457  2.555  3.319 -0.432 -1.495  2.589  2.233]
548	[-1143. -1209. -1209. -1209.  1068.]	[ 0.     0.216  3.292  2.742  0.102 -0.832  1.565  3.566]
605	[-529. -587. -559. -587. -559.]	[ 0.     0.623  1.396  1.959 -0.091 -1.117  1.822  4.11 ]
675	[-163. -193. -163. -163. -193.]	[ 0.    -0.127  2.745  2.794  0.374 -2.077  2.891  2.496]
523	[-1191. -1196. -1191. -1186.  1116.]	[ 0.     0.108  3.22   2.564  0.838 -0.974  2.226  1.558]
572	[-799. -799. -799. -799. -851.]	[ 0.     0.147  3.891  3.759  0.808 -2.215  3.16   3.614]
630	[-205. -459. -367. -459. -378.]	[ 0.     0.15   3.58   1.657 -0.199 -1.539  3.451  3.761]
597	[-717. -742. -717. -652. -717.]	[ 0.    -0.135  3.99   3.695  0.742 -1.886  2.186  3.417]
654	[-421. -421. -421. -421. -421.]	[ 0.    -0.067  2.801  3.428  0.34  -1.186  1.261  1.552]
549	[ 1062. -1214. -1217.  1062. -1196.]	[ 0.     0.583  3.179  1.7    0.143 -1.163  2.698  3.582]
524	[ 1094. -1117. -1078.  1094. -1117.]	[ 0.     0.274  3.847  2.302  0.246 -1.085  2.568  2.151]
676	[1089. -159. -159. -159. -159.]	[ 0.    -0.25   3.225  2.72   0.392 -2.051  2.318  2.978]
573	[-967. -967. -967. -967. 1054.]	[ 0.     1.053  2.536  2.522  0.397 -1.752  2.386  2.328]
598	[-646. -646. -588. -646. 1049.]	[ 0.    -0.099  2.877  2.992  0.394 -1.025  1.323  1.856]
606	[-745. -745. -745. -745. -745.]	[ 0.     0.511  3.431  3.223 -0.289 -1.699  3.586  3.344]
631	[-355. -355. -360. -355. -355.]	[ 0.    -0.335  3.494  3.323  0.656 -2.132  3.199  2.984]
700	[-300. -269. -269. -292. -292.]	[ 0.     0.62   2.659  2.973  0.437 -1.404  0.981  1.076]
655	[-317. -317. -317. -111. -289.]	[ 0.    -0.073  2.839  2.826  0.436 -2.055  3.016  2.59 ]
725	[ 9. 15.  9. 49. 20.]	[ 0.    -0.438  3.881  2.391  0.004 -1.543  2.22   1.967]
677	[  19. -211. -242. -211. -198.]	[ 0.    -0.348  3.434  3.544  0.524 -1.972  2.032  2.867]
574	[ 1051.  -990. -1004.  1051.  -990.]	[ 0.     0.056  3.215  3.512  0.608 -1.09   1.599  1.824]
599	[1048. -689. -617. 1048. -689.]	[ 0.    -0.208  3.43   2.807  0.58  -1.037  1.287  1.884]
607	[1103. -715. -715. -699. -715.]	[ 0.     0.329  3.301  3.119 -0.168 -1.642  3.705  2.911]
632	[1081. -472. -398. -398. -398.]	[ 0.     0.014  3.564  3.484  0.615 -2.269  2.908  3.163]
701	[1229. -228. -228. -228. -150.]	[ 0.    -0.817  2.446  2.153  0.547 -1.317  3.034  2.784]
678	[ -80. 1084.  -80. 1084.   56.]	[ 0.    -0.224  2.505  2.549  0.176 -1.146  1.014  1.577]
656	[-271. -271. -271. -271. -229.]	[ 0.    -0.209  3.277  2.73   0.456 -2.029  2.427  3.074]
726	[1186.  -93.  -93.  -93.  -82.]	[ 0.     0.167  3.27   2.568 -0.404 -1.793  2.904  2.465]
750	[94. 94. 94. 94. 94.]	[ 0.    -0.093  3.17   1.308 -0.35  -1.639  3.093  2.945]
633	[-544. -544. -544. -544. -544.]	[ 0.     0.774  2.604  2.351  0.303 -1.875  1.966  2.244]
775	[232. 232. 232. 277. 232.]	[ 0.    -0.244  2.38   2.414  0.108 -2.176  2.525  2.202]
608	[-782. -732. -817. -732. -732.]	[ 0.    -0.164  3.529  3.892  0.035 -1.515  3.7    3.796]
657	[1074. -330. -261. -330. -104.]	[ 0.    -0.323  2.601  3.265  0.231 -1.336  1.501  2.505]
702	[-69. -94. -96. -69. -94.]	[ 0.     0.412  2.987  3.446  0.542 -1.335 -0.295  2.942]
679	[-113.  -99. -113. -113.  -99.]	[ 0.    -0.358  3.11   2.526  0.299 -1.207  1.11   1.617]
727	[-100. -100. -100. -100. -100.]	[ 0.    -0.457  3.464  2.878 -0.124 -1.558  2.719  2.512]
751	[1166.  264.  197.  197.  254.]	[ 0.    -0.554  2.873  2.528  0.222 -2.146  2.724  2.836]
776	[1158.  250.  250.  250.  250.]	[ 0.    -0.387  2.875  2.483  0.156 -2.138  1.946  2.594]
703	[ -61. 1200. -131. 1200. -131.]	[ 0.     0.315  1.489  1.794  0.022 -1.794  3.2    3.411]
634	[-563. -563. -563. -563. -563.]	[ 0.    -0.032  2.931  3.476  0.403 -1.164  1.329  1.622]
609	[-797. -797. -797. -797. -797.]	[ 0.     0.088  2.924  1.541  0.128 -1.207  3.231  3.514]
728	[-231. 1171. 1171. 1171. -231.]	[ 0.    -0.349  3.011  3.869 -0.114 -1.76   4.059  3.158]
658	[-210. -210.  -72. -210. -210.]	[ 0.    -0.201  2.588  2.656  0.234 -1.113  1.086  1.644]
680	[-386. -385. -404. -385. -385.]	[ 0.     0.655  2.688  2.991  0.445 -1.338  0.986  1.146]
704	[-105. -105. -105. -105. -101.]	[ 0.     0.191  2.846  2.569 -0.112 -1.816  2.795  1.796]
752	[120. 120. 120. 120. 120.]	[ 0.    -0.177  2.815  2.745  0.247 -2.379  2.681  2.744]
635	[-424. -424. -427. 1070. -449.]	[ 0.     0.006  2.932  2.792  0.489 -2.039  3.152  2.715]
777	[231. 212. 212. 187. 231.]	[ 0.    -0.493  3.058  3.132  0.319 -2.07   1.742  2.426]
610	[-321. -587. -321. 1081. -498.]	[ 0.     0.213  3.653  1.715 -0.166 -1.514  3.508  3.913]
729	[-133. -133. -133. -133. -133.]	[ 0.    -0.038  2.363  1.349 -0.029 -1.336  2.021  2.962]
659	[-245. 1070. -245. -245. -245.]	[ 0.    -0.322  3.214  2.603  0.369 -1.167  1.144  1.685]
681	[-149. -322. -213. -262. -262.]	[ 0.    -0.816  2.619  2.196  0.602 -1.294  3.036  2.906]
753	[  54. 1155.   54. 1155.   54.]	[ 0.     0.028  2.752  2.82  -0.236 -1.851  2.154  2.146]
636	[-228. -386. 1067. -386. -386.]	[ 0.    -0.163  3.293  2.7    0.525 -2.004  2.545  3.17 ]
778	[ 362. 1152.  362. 1152.  476.]	[ 0.    -0.285  2.172  2.212 -0.067 -1.297  0.757  1.359]
705	[-59. -45. -59. -27. -52.]	[ 0.    -0.423  3.792  2.413  0.025 -1.518  2.337  2.027]
611	[-482. -493. 1076. -493. -493.]	[ 0.    -0.362  1.577  1.194  0.871 -0.876  1.72   3.136]
660	[-523. -491. -523. 1236. -492.]	[ 0.     0.692  2.712  3.027  0.457 -1.272  0.997  1.23 ]
730	[256.  32.  32.  32.  32.]	[ 0.    -0.073  3.242  1.354 -0.333 -1.626  3.155  3.028]
682	[1206. -179. -155. -171. -155.]	[ 0.     0.202  2.475  2.788  0.024 -2.061  2.595  3.929]
637	[-452. -455. -452. -455. -490.]	[ 0.    -0.255  3.712  3.737  0.637 -1.93   2.133  3.129]
754	[125. 108. 125. 125. 108.]	[ 0.    -0.181  2.208  3.494  0.084 -1.347  1.085  1.289]
661	[-359. -359. 1212. -290. -290.]	[ 0.     1.028  3.047  3.171  0.319 -1.082 -0.006  1.486]
706	[-171. -156. -171. -147. -171.]	[ 0.     0.212  3.262  2.675 -0.39  -1.788  3.014  2.562]
779	[323. 323. 323. 323. 323.]	[ 0.    -0.839  2.508  2.472 -0.152 -1.472  1.875  2.142]
612	[-527. -598. -527. -527. -598.]	[ 0.     0.055  3.684  3.647  0.688 -2.254  2.97   3.28 ]
731	[134. 134. 185. 202. 134.]	[ 0.    -0.542  2.933  2.604  0.263 -2.125  2.785  2.88 ]
638	[-281. -350. 1062. -213. -305.]	[ 0.    -0.174  2.675  2.769  0.291 -1.079  1.162  1.715]
683	[-135. -221. -221. -221. -125.]	[ 0.     0.349  1.413  1.787  0.052 -1.699  3.143  3.631]
755	[175. 175. 175. 175. 175.]	[ 0.    -0.232  2.432  2.477  0.148 -2.16   2.571  2.244]
707	[1167. -176. -176. -176. -176.]	[ 0.    -0.431  3.469  2.967 -0.124 -1.533  2.843  2.62 ]
662	[-236. -253. -172. -253. -274.]	[ 0.     0.236  2.559  2.888  0.068 -2.052  2.67   4.012]
780	[-16. -24. -16. -24. -18.]	[ 0.     0.487  1.039  1.597  0.555 -1.925  2.092  3.08 ]
613	[-648. -395. 1067. -678. -684.]	[ 0.     0.919  2.412  2.34   0.34  -1.818  2.168  2.198]
732	[1147.   52.   52.   52.   52.]	[ 0.    -0.154  2.91   2.82   0.295 -2.363  2.688  2.779]
663	[-325. -325. 1180. 1180. -267.]	[ 0.     0.377  1.436  1.857  0.093 -1.65   3.102  3.754]
639	[-388. -388. -388. -388. -388.]	[ 0.    -0.287  3.307  2.68   0.439 -1.125  1.186  1.756]
684	[-174. -183. -183. -174. -129.]	[ 0.     0.213  2.871  2.661 -0.085 -1.818  2.864  1.933]
708	[-313. -313. -313. -313. -313.]	[ 0.    -0.323  3.062  3.979 -0.084 -1.74   4.093  3.252]
756	[192. 192. 192. 192. 192.]	[ 0.    -0.368  2.936  2.53   0.19  -2.124  1.996  2.652]
781	[  74.   47.   83. 1269.   78.]	[ 0.    -0.794  1.881  1.992  0.371 -1.361  2.99   2.493]
614	[-709. 1064. -709. -709. -709.]	[ 0.000e+00  1.000e-03  3.046e+00  3.514e+00  4.710e-01 -1.143e+00
  1.408e+00  1.692e+00]
733	[-15. -17. -15. -15.  18.]	[ 0.     0.143  2.501  2.943 -0.551 -1.544  2.303  2.065]
685	[-115. -102. 1172. 1172. -140.]	[ 0.    -0.407  3.724  2.443  0.051 -1.491  2.474  2.095]
664	[-270. 1169. 1169. -270. -270.]	[ 0.     0.239  2.903  2.758 -0.055 -1.81   2.949  2.035]
782	[1257.  231.  175.  126.  151.]	[ 0.     0.326  3.295  3.247  0.418 -1.493 -0.29   2.796]
757	[1138.  127.  224.  152.  172.]	[ 0.    -0.473  3.105  3.184  0.35  -2.054  1.786  2.486]
709	[-215. -215. -215. -215. -215.]	[ 0.    -0.033  2.451  1.374 -0.005 -1.319  2.146  3.062]
640	[-593. -655. -655. -610. -655.]	[ 0.     0.726  2.737  3.086  0.475 -1.206  1.021  1.315]
734	[1138.   31.   54. 1138.   31.]	[ 0.    -0.165  2.304  3.435  0.128 -1.315  1.097  1.326]
615	[-566. -563. -566. -584. -563.]	[ 0.     0.117  3.025  2.695  0.526 -2.029  3.287  2.888]
686	[-240. -243. 1163. -243. -240.]	[ 0.    -0.255  3.723  2.312  0.084 -1.684  2.648  2.791]
665	[1160. -217. -217. -217. -213.]	[ 0.     0.451  0.744  1.792  0.353 -1.395  3.41   1.778]
783	[ 161. 1239.  114.  114.  114.]	[ 0.     0.185  1.765  2.033 -0.122 -2.015  2.988  3.04 ]
710	[ 185.  -42.  185. 1145.  -42.]	[ 0.    -0.046  3.315  1.407 -0.312 -1.612  3.219  3.138]
641	[1204. -375. -537. -331. -463.]	[ 0.    -0.799  2.906  2.259  0.694 -1.209  3.028  3.197]
758	[302. 335. 302. 302. 302.]	[ 0.    -0.277  2.225  2.252 -0.029 -1.27   0.79   1.385]
735	[ 104.  104.  144. 1134.  104.]	[ 0.    -0.215  2.496  2.552  0.195 -2.142  2.627  2.294]
616	[1059. -502. -502. -502. -502.]	[ 0.    -0.105  3.257  2.616  0.6   -1.975  2.661  3.246]
666	[1150. -347. -342. -369. -342.]	[ 0.     0.321  3.289  2.936 -0.355 -1.769  3.277  2.817]
687	[-264. -264. -252. -252. -264.]	[ 0.    -0.397  3.489  3.064 -0.128 -1.504  2.98   2.746]
784	[ 115.  108.  115. 1230.  108.]	[ 0.     0.068  3.66   1.994 -0.296 -1.311  2.229  0.84 ]
711	[ 103.  103. 1140.   58.  128.]	[ 0.    -0.527  3.01   2.7    0.308 -2.101  2.854  2.936]
736	[ 122.  122. 1131.  122.  122.]	[ 0.    -0.345  3.005  2.581  0.23  -2.108  2.057  2.719]
759	[ 264.  264. 1138.  264.  264.]	[ 0.    -0.834  2.581  2.517 -0.113 -1.441  1.886  2.196]
642	[-378. -345. -341. -341. -345.]	[ 0.     0.27   2.654  2.985  0.115 -2.037  2.745  4.074]
617	[-583. -585. -585. -583. -583.]	[ 0.     0.579  3.082  2.753 -0.228 -1.455  3.212  1.503]
688	[-403. -403. 1146.   -8. -403.]	[ 0.    -0.295  3.123  4.019 -0.054 -1.71   4.097  3.351]
667	[-356. -356. -363. -356. -356.]	[ 0.    -0.357  3.524  3.168 -0.131 -1.472  3.118  2.883]
785	[ 171.  171.  157. 1224.  157.]	[ 0.    -0.473  4.123  2.34  -0.036 -1.598  2.     1.828]
760	[ -73.  -81.  -81. 1283.  -73.]	[ 0.     0.503  1.07   1.639  0.577 -1.92   2.13   3.162]
737	[81. 55. 81. 81. 55.]	[ 0.    -0.448  3.162  3.249  0.386 -2.036  1.839  2.561]
618	[-419. -496. -462. 1055. -496.]	[ 0.    -0.141  2.768  2.884  0.345 -1.049  1.242  1.785]
712	[-29. -29. -29. -29.  56.]	[ 0.    -0.126  3.025  2.917  0.349 -2.344  2.703  2.826]
643	[-442. -442. -395. -395. -311.]	[ 0.     0.403  1.488  1.95   0.138 -1.611  3.086  3.852]
786	[  96.   71. 1217.   96.   96.]	[ 0.     0.074  3.303  2.353 -0.434 -1.809  2.676  2.258]
761	[  27.   -8. 1258.   -8.   18.]	[ 0.    -0.793  1.971  2.02   0.401 -1.35   3.021  2.537]
668	[-501. -501. -501. -501. -501.]	[ 0.    -0.268  3.196  3.992 -0.028 -1.666  4.051  3.45 ]
738	[ 244. 1125. 1125.  228.  228.]	[ 0.    -0.268  2.284  2.305  0.014 -1.242  0.833  1.42 ]
689	[-309. -309. -309. -309. -309.]	[ 0.    -0.037  2.55   1.396  0.02  -1.299  2.358  3.167]
713	[ -96. -100. 1129.  -96.  -96.]	[ 0.     0.203  2.529  3.022 -0.533 -1.525  2.359  2.1  ]
619	[-536. -536. -536. -536. -536.]	[ 0.    -0.25   3.38   2.751  0.51  -1.081  1.234  1.822]
644	[-365. -365. -243. -320. -342.]	[ 0.     0.274  2.939  2.85  -0.022 -1.791  3.045  2.091]
669	[-417. -417. -417. -417. -417.]	[ 0.    -0.039  2.66   1.417  0.046 -1.279  2.662  3.267]
787	[63. 63. 63. 63. 63.]	[ 0.    -0.496  3.528  2.683 -0.145 -1.612  2.431  2.296]
762	[144. 126. 198. 126. 126.]	[ 0.    -0.512  2.477  2.073  0.454 -1.633  2.624  1.363]
714	[ -29.  -60.  -60.  -24. 1124.]	[ 0.    -0.147  2.414  3.396  0.175 -1.28   1.12   1.372]
690	[-128. -128.  102. -128. -128.]	[ 0.    -0.01   3.385  1.466 -0.288 -1.596  3.281  3.273]
739	[193. 193. 193. 193. 193.]	[ 0.    -0.826  2.665  2.576 -0.068 -1.405  1.898  2.258]
620	[-800. -800. -800. 1224. 1224.]	[ 0.     0.749  2.782  3.161  0.501 -1.144  1.068  1.391]
645	[-332. -329. -324. 1147. -337.]	[ 0.    -0.362  3.666  2.526  0.119 -1.429  2.756  2.25 ]
715	[  56.   56.   20. 1120.   55.]	[ 0.    -0.194  2.571  2.637  0.25  -2.121  2.697  2.352]
670	[-158. -134. -228. -228.    9.]	[ 0.     0.034  3.451  1.529 -0.261 -1.579  3.341  3.428]
691	[1126.    8.  -31.  -31.    8.]	[ 0.    -0.507  3.102  2.817  0.36  -2.076  2.93   2.999]
621	[-652. -652. -572. -552. 1197.]	[ 0.    -0.793  3.013  2.262  0.726 -1.136  3.     3.368]
788	[-50. -50. -50. 310. -50.]	[ 0.    -0.402  2.938  3.542 -0.192 -1.801  3.92   2.959]
763	[ 65.  65.  65.  65. 134.]	[ 0.     0.202  1.793  2.069 -0.1   -2.002  3.007  3.101]
740	[-145. -145. -136. -145. -136.]	[ 0.     0.519  1.106  1.686  0.598 -1.911  2.169  3.258]
716	[1117.   40.   40.   40.   40.]	[ 0.    -0.318  3.079  2.634  0.278 -2.091  2.131  2.798]
646	[-488. -465. -465. -453. -465.]	[ 0.     0.38   3.328  3.068 -0.334 -1.753  3.415  2.98 ]
692	[ -42. -124.  -42. -124. -124.]	[ 0.    -0.095  3.156  3.034  0.408 -2.324  2.734  2.888]
671	[-102. -131. -102. -131.  -41.]	[ 0.    -0.482  3.208  2.959  0.424 -2.057  3.01   3.059]
789	[45. 45. 45. 45. 45.]	[ 0.    -0.085  2.173  1.289 -0.083 -1.371  1.858  2.753]
622	[-465. -487. -487. -436. -465.]	[ 0.     0.304  2.753  3.065  0.158 -2.012  2.819  4.113]
741	[1248.  -72.  -31.  -31.  -28.]	[ 0.    -0.797  2.092  2.057  0.44  -1.34   3.041  2.598]
764	[71. 66. 66. 66. 71.]	[ 0.     0.086  3.685  2.01  -0.277 -1.301  2.252  0.858]
647	[-471. -417. -471. -471. -471.]	[ 0.     0.142  3.228  3.13  -0.211 -1.674  3.605  2.641]
717	[-31.  15. -31.  -4. -31.]	[ 0.    -0.42   3.233  3.332  0.427 -2.015  1.9    2.649]
693	[-196. -162. -196. 1115. -196.]	[ 0.     0.274  2.548  3.116 -0.507 -1.509  2.428  2.138]
790	[ 188.  188.  188. 1191.  188.]	[ 0.    -0.124  3.048  1.236 -0.378 -1.66   2.982  2.847]
623	[-566. -452. 1160. -566. -452.]	[ 0.     0.428  1.565  2.058  0.184 -1.579  3.092  3.925]
672	[-231. -132. -116. -231. -231.]	[ 0.    -0.061  3.295  3.17   0.473 -2.304  2.782  2.966]
742	[  29.   70. 1236.   29.  114.]	[ 0.     0.365  3.151  3.339  0.479 -1.421 -0.298  2.834]
648	[-604. -604. 1119. -604. -604.]	[ 0.    -0.239  3.291  3.943 -0.007 -1.611  3.957  3.553]
765	[128. 115. 115. 128. 115.]	[ 0.    -0.462  4.059  2.357 -0.025 -1.583  2.056  1.868]
718	[ 159.  141.  141. 1111.  141.]	[ 0.    -0.257  2.35   2.372  0.063 -1.211  0.886  1.464]
791	[1188.  292.  292.  292.  292.]	[ 0.    -0.573  2.788  2.419  0.155 -2.176  2.621  2.774]
624	[-431. 1146. -403. -431. -431.]	[ 0.     0.527  0.792  2.116  0.533 -1.178  3.266  1.186]
694	[-166. -166. -166. -166. -166.]	[ 0.    -0.125  2.536  3.38   0.226 -1.245  1.156  1.425]
673	[-305. -305. 1101. -305. -271.]	[ 0.     0.358  2.555  3.217 -0.473 -1.498  2.507  2.18 ]
743	[ 10.  64.  64.  81. 106.]	[ 0.     0.222  1.824  2.104 -0.076 -1.986  3.019  3.169]
649	[-536. 1111. -536. -536. -536.]	[ 0.    -0.009  2.761  1.452  0.071 -1.26   2.911  3.36 ]
766	[1207.   25.   33.   25.   25.]	[ 0.     0.098  3.296  2.41  -0.425 -1.804  2.737  2.316]
719	[108. 112. 108. 108. 108.]	[ 0.    -0.812  2.762  2.649 -0.017 -1.368  1.911  2.329]
792	[ 222.  222. 1183.  318.  222.]	[ 0.    -0.212  2.678  2.645  0.167 -2.405  2.674  2.694]
674	[-287. 1097. -287. -287. -240.]	[ 0.    -0.099  2.667  3.391  0.282 -1.213  1.203  1.486]
695	[ -80.  -80.  -80. 1106.  135.]	[ 0.    -0.166  2.655  2.723  0.31  -2.099  2.785  2.418]
744	[ 22.  22. 130.  22.  22.]	[ 0.     0.141  2.986  2.416 -0.152 -1.731  2.704  1.318]
793	[ 158.  158.  158. 1178.  158.]	[ 0.    -0.037  2.67   2.732 -0.272 -1.87   2.117  2.055]
767	[  18.   18. 1201.   18.   18.]	[ 0.    -0.488  3.5    2.738 -0.135 -1.597  2.512  2.351]
720	[-216. -209. -216. 1262. -211.]	[ 0.     0.537  1.148  1.74   0.618 -1.899  2.209  3.362]
696	[-55. -55. -55. -55. -55.]	[ 0.    -0.287  3.155  2.684  0.332 -2.072  2.218  2.885]
745	[  71.   66.   66. 1205.  107.]	[ 0.    -0.45   3.975  2.373 -0.012 -1.564  2.127  1.915]
768	[-100. -100. -100. -100. -100.]	[ 0.    -0.388  2.95   3.622 -0.168 -1.788  3.969  3.01 ]
794	[230. 222. 230. 230. 230.]	[ 0.    -0.206  2.067  3.66   0.004 -1.402  1.089  1.239]
721	[ -87. -144.  -80.  -87. -144.]	[ 0.    -0.808  2.258  2.104  0.491 -1.331  3.041  2.681]
697	[-130. -102. -102. -130. -130.]	[ 0.    -0.387  3.322  3.432  0.473 -1.994  1.966  2.751]
746	[ -29.   -4.   -4.  -29. 1197.]	[ 0.     0.128  3.283  2.481 -0.416 -1.798  2.812  2.384]
769	[-4. 43. -4. -4. -4.]	[ 0.    -0.065  2.222  1.307 -0.068 -1.362  1.891  2.804]
795	[323. 280. 280. 280. 280.]	[ 0.    -0.254  2.339  2.36   0.075 -2.19   2.487  2.164]
698	[  38.   62. 1097.   38.   38.]	[ 0.    -0.243  2.425  2.453  0.118 -1.18   0.947  1.516]
722	[ 23. -29.  23. -29. -19.]	[ 0.     0.387  3.07   3.394  0.511 -1.379 -0.298  2.874]
747	[-36. -36. -36. -36. -36.]	[ 0.    -0.476  3.475  2.801 -0.128 -1.579  2.608  2.423]
699	[  11. 1095.    7.   20.   11.]	[ 0.    -0.393  3.     2.455  0.23  -1.246  1.084  1.558]
770	[145. 145. 145. 145. 365.]	[ 0.    -0.11   3.104  1.27  -0.365 -1.65   3.035  2.885]
723	[   9.    6. 1210.  -54.  -54.]	[ 0.     0.247  1.853  2.132 -0.047 -1.962  3.027  3.244]
796	[298. 298. 298. 298. 298.]	[ 0.    -0.401  2.819  2.44   0.128 -2.15   1.907  2.545]
748	[-160. -160. 1182. -160. -160.]	[ 0.    -0.37   2.973  3.735 -0.142 -1.775  4.015  3.076]
724	[ -37. 1201.  -37.  -38.  -37.]	[ 0.     0.126  3.734  2.045 -0.223 -1.281  2.307  0.904]
771	[249. 315. 315. 249. 310.]	[ 0.    -0.564  2.826  2.468  0.186 -2.162  2.669  2.801]
797	[280. 236. 260. 260. 260.]	[ 0.    -0.509  3.015  3.088  0.293 -2.083  1.706  2.376]
749	[ -63. 1175.  -63.  -63.  -63.]	[ 0.    -0.05   2.286  1.326 -0.05  -1.35   1.943  2.875]
772	[176. 176. 176. 176. 176.]	[ 0.    -0.196  2.74   2.688  0.203 -2.393  2.676  2.717]
798	[ 411.  411. 1165.  441.  420.]	[ 0.    -0.293  2.126  2.181 -0.098 -1.319  0.731  1.34 ]
799	[ 372. 1164. 1164.  372.  372.]	[ 0.    -0.841  2.447  2.436 -0.186 -1.498  1.86   2.096]
773	[ 110.  110. 1167.  110.  110.]	[ 0.    -0.008  2.711  2.765 -0.253 -1.863  2.134  2.097]
774	[ 170. 1164. 1164.  170.  170.]	[ 0.    -0.195  2.129  3.571  0.043 -1.376  1.083  1.261]
